0 0.0890625 0.74453125 0.1671875 0.11171875
0 0.5828125 0.3875 0.04453125 0.05
0 0.61796875 0.49375 0.12109375 0.2359375
0 0.38515625 0.33984375 0.10078125 0.1515625
2 0.16328125 0.3296875 0.3265625 0.23359375
2 0.4171875 0.49453125 0.18125 0.14765625
2 0.16171875 0.5515625 0.3234375 0.215625
2 0.25390625 0.72890625 0.15234375 0.1296875
2 0.39140625 0.6671875 0.14375 0.19609375
1 0.60234375 0.70546875 0.08359375 0.1921875
2 0.50390625 0.34140625 0.11640625 0.14609375
2 0.51171875 0.78046875 0.090625 0.234375
2 0.31875 0.884375 0.29921875 0.23046875