0 0.5984375 0.4640625 0.0515625 0.12265625
0 0.46015625 0.35078125 0.05546875 0.07265625
0 0.36796875 0.38828125 0.03828125 0.071875
0 0.534375 0.64375 0.11640625 0.240625
0 0.85234375 0.64296875 0.065625 0.09140625
0 0.47734375 0.24765625 0.04375 0.090625
0 0.3078125 0.2171875 0.0421875 0.0484375
0 0.26796875 0.278125 0.03828125 0.07890625
0 0.3671875 0.2078125 0.0234375 0.04609375
0 0.35234375 0.23828125 0.0234375 0.0328125
0 0.4109375 0.50625 0.0515625 0.10703125
2 0.53125 0.4140625 0.0796875 0.21328125
2 0.41328125 0.27421875 0.07578125 0.0671875
2 0.31953125 0.37265625 0.05 0.25
2 0.41015625 0.3765625 0.04140625 0.1328125
2 0.365625 0.303125 0.04765625 0.08671875
2 0.41640625 0.2078125 0.06875 0.06171875
2 0.46796875 0.45546875 0.0515625 0.11875
2 0.45546875 0.575 0.0296875 0.13125
2 0.30703125 0.38203125 0.06875 0.07734375
2 0.6390625 0.634375 0.0765625 0.225