0 0.06171875 0.35234375 0.06875 0.0359375
0 0.38359375 0.35 0.1109375 0.0359375
0 0.39375 0.309375 0.06640625 0.0296875
0 0.28515625 0.303125 0.05703125 0.03125
0 0.69609375 0.69765625 0.0984375 0.04453125
0 0.3875 0.628125 0.059375 0.05234375
0 0.56328125 0.51796875 0.13359375 0.03125
2 0.50703125 0.46328125 0.21015625 0.0734375
2 0.29609375 0.47109375 0.20703125 0.0625
2 0.28984375 0.54296875 0.21953125 0.0859375
2 0.534375 0.64140625 0.21015625 0.1296875
0 0.6578125 0.75078125 0.12109375 0.0625
2 0.4546875 0.5375 0.09375 0.071875
2 0.56015625 0.55546875 0.11328125 0.0359375