0 0.51328125 0.896875 0.034375 0.04765625
0 0.4046875 0.9234375 0.0359375 0.05546875
0 0.6171875 0.9015625 0.02890625 0.0578125
0 0.5703125 0.91328125 0.04296875 0.06796875
0 0.23671875 0.9703125 0.0359375 0.04140625
0 0.5609375 0.259375 0.04453125 0.05
0 0.4234375 0.31640625 0.03359375 0.028125
0 0.61796875 0.575 0.05390625 0.04765625
2 0.28203125 0.84296875 0.13203125 0.1859375
2 0.1703125 0.83984375 0.08671875 0.3203125
2 0.0640625 0.884375 0.12734375 0.23046875
0 0.94453125 0.60390625 0.1109375 0.090625
0 0.70546875 0.64375 0.03828125 0.05625
2 0.30859375 0.684375 0.18046875 0.128125
2 0.4234375 0.81875 0.1484375 0.134375
2 0.45234375 0.66015625 0.1046875 0.1796875
2 0.3140625 0.59375 0.16796875 0.0484375
2 0.59765625 0.8140625 0.196875 0.12578125
2 0.5953125 0.69921875 0.1796875 0.0984375
2 0.7484375 0.7875 0.10078125 0.2296875
2 0.54609375 0.6078125 0.08671875 0.0765625
2 0.4765625 0.52578125 0.1078125 0.084375
2 0.3515625 0.52578125 0.1453125 0.084375
2 0.371875 0.425 0.11328125 0.10859375
1 0.4859375 0.4125 0.10390625 0.128125