1 0.72578125 0.71796875 0.11796875 0.146875
1 0.66328125 0.58984375 0.13984375 0.11953125
1 0.6296875 0.72421875 0.0703125 0.14375
1 0.67265625 0.88515625 0.10546875 0.178125
2 0.81328125 0.89921875 0.1671875 0.2015625
1 0.56953125 0.64375 0.0546875 0.221875
0 0.546875 0.3390625 0.06171875 0.121875
0 0.496875 0.33671875 0.0375 0.1125
0 0.5671875 0.41875 0.04140625 0.03203125
0 0.58359375 0.47890625 0.0484375 0.0828125
0 0.51796875 0.5640625 0.046875 0.0828125
0 0.334375 0.4484375 0.04140625 0.12421875
0 0.3921875 0.49609375 0.0703125 0.10234375
0 0.35078125 0.5625 0.05625 0.08046875
0 0.29140625 0.490625 0.0484375 0.16640625
0 0.24140625 0.57109375 0.040625 0.08828125
0 0.2484375 0.42890625 0.03515625 0.14375
0 0.2875 0.36484375 0.04296875 0.07109375
0 0.2921875 0.61953125 0.06015625 0.0765625
0 0.2890625 0.7140625 0.071875 0.09765625
0 0.36015625 0.684375 0.06953125 0.1453125
1 0.46640625 0.565625 0.05390625 0.1234375
1 0.49921875 0.4890625 0.0421875 0.04140625
0 0.51875 0.43359375 0.05078125 0.06015625
0 0.396875 0.2171875 0.0265625 0.06484375
0 0.434375 0.2390625 0.0421875 0.06171875
0 0.47734375 0.23359375 0.025 0.053125
0 0.39765625 0.40625 0.05703125 0.0875
0 0.4609375 0.434375 0.06484375 0.06484375
0 0.3875 0.334375 0.05859375 0.053125
0 0.33515625 0.346875 0.04765625 0.08203125
0 0.2984375 0.28828125 0.0328125 0.04921875
0 0.40703125 0.290625 0.02421875 0.0375
0 0.35 0.2734375 0.06953125 0.06171875
0 0.45234375 0.34140625 0.05 0.12109375