0 0.253125 0.5609375 0.07578125 0.1546875
0 0.81640625 0.5359375 0.03203125 0.0546875
0 0.78203125 0.63125 0.07421875 0.09140625
0 0.8953125 0.68515625 0.06015625 0.084375
0 0.90078125 0.59609375 0.078125 0.0890625
0 0.96953125 0.64375 0.06015625 0.17109375
0 0.52578125 0.51953125 0.05625 0.08671875
0 0.4515625 0.81640625 0.0875 0.1546875
2 0.05234375 0.6125 0.1046875 0.35546875
2 0.15859375 0.6078125 0.1015625 0.3125
2 0.39453125 0.47734375 0.1984375 0.184375
2 0.6671875 0.4125 0.08046875 0.1140625
2 0.6703125 0.521875 0.0796875 0.1046875
2 0.75703125 0.46484375 0.0859375 0.06875
0 0.75625 0.5390625 0.08203125 0.084375
0 0.61171875 0.65625 0.10546875 0.08671875
0 0.58984375 0.49921875 0.06953125 0.1046875
0 0.4234375 0.63359375 0.2625 0.13671875
0 0.2515625 0.71953125 0.0796875 0.16640625
0 0.35 0.7703125 0.10546875 0.14140625