0 0.8078125 0.82578125 0.053125 0.09765625
0 0.8265625 0.73046875 0.05625 0.08828125
0 0.65 0.42578125 0.03203125 0.03671875
0 0.684375 0.7109375 0.07265625 0.14140625
0 0.5125 0.703125 0.05625 0.1171875
0 0.64296875 0.57890625 0.06796875 0.14140625
1 0.20625 0.15625 0.18359375 0.146875
1 0.2453125 0.3296875 0.1265625 0.190625
1 0.36015625 0.14765625 0.12890625 0.15859375
1 0.41953125 0.33828125 0.225 0.23203125
1 0.5359375 0.1859375 0.221875 0.1125
1 0.6046875 0.3359375 0.146875 0.19296875
1 0.746875 0.3578125 0.1453125 0.16875
0 0.2578125 0.59921875 0.084375 0.35390625
0 0.38984375 0.5859375 0.18671875 0.1078125
1 0.40859375 0.765625 0.17265625 0.23203125
0 0.5453125 0.57265625 0.125 0.16875
0 0.66875 0.85625 0.12890625 0.2515625