0 0.68359375 0.8265625 0.08671875 0.16171875
0 0.7765625 0.8359375 0.1 0.2
0 0.35078125 0.415625 0.0828125 0.04140625
0 0.271875 0.41953125 0.0671875 0.04375
0 0.484375 0.45 0.0265625 0.028125
0 0.46640625 0.60546875 0.07890625 0.06640625
0 0.4484375 0.80625 0.05390625 0.07421875
0 0.309375 0.78046875 0.09609375 0.0796875
2 0.56171875 0.625 0.096875 0.11953125
2 0.52265625 0.50859375 0.1046875 0.0796875
2 0.4109375 0.5078125 0.11640625 0.07421875
0 0.4203125 0.746875 0.059375 0.04765625
2 0.33828125 0.63515625 0.07109375 0.09609375
2 0.7015625 0.67578125 0.04609375 0.1203125
2 0.628125 0.6203125 0.0328125 0.06953125
0 0.5515625 0.7296875 0.04140625 0.05390625
0 0.646875 0.69453125 0.0515625 0.0640625