0 0.7515625 0.44921875 0.21328125 0.24765625
2 0.93203125 0.58515625 0.134375 0.15546875
2 0.5515625 0.18046875 0.06796875 0.13046875
2 0.375 0.1046875 0.05390625 0.01640625
2 0.38984375 0.37890625 0.09921875 0.1375
1 0.36640625 0.21171875 0.29609375 0.19453125
1 0.54296875 0.34296875 0.20390625 0.19140625
0 0.571875 0.54140625 0.1421875 0.1921875
1 0.434375 0.55703125 0.1265625 0.21171875
1 0.26484375 0.38359375 0.146875 0.15
2 0.26953125 0.73125 0.19921875 0.5375
2 0.73359375 0.7578125 0.5328125 0.184375
2 0.753125 0.61875 0.2140625 0.08359375