0 0.415625 0.54921875 0.11953125 0.28359375
0 0.265625 0.8546875 0.215625 0.24453125
0 0.0921875 0.86953125 0.11875 0.2609375
0 0.2234375 0.4203125 0.1625 0.36171875
0 0.334375 0.47265625 0.04140625 0.16328125
2 0.909375 0.6375 0.178125 0.725
2 0.8140625 0.190625 0.21015625 0.16640625
2 0.72578125 0.6375 0.1859375 0.725
2 0.55390625 0.6859375 0.15234375 0.62734375
2 0.42890625 0.8484375 0.103125 0.30234375
2 0.67109375 0.20625 0.07890625 0.1296875
2 0.5546875 0.28046875 0.1546875 0.190625
2 0.39140625 0.29453125 0.16484375 0.18828125
2 0.2234375 0.1625 0.16171875 0.12421875
2 0.07109375 0.409375 0.1421875 0.596875