0 0.80625 0.87109375 0.11640625 0.2578125
0 0.71484375 0.8390625 0.0625 0.134375
0 0.7015625 0.659375 0.046875 0.121875
0 0.86015625 0.6484375 0.09453125 0.18828125
0 0.24140625 0.63828125 0.05390625 0.0953125
0 0.40703125 0.6578125 0.05859375 0.05625
0 0.3796875 0.753125 0.0453125 0.1390625
0 0.44140625 0.78046875 0.06171875 0.07109375
0 0.4859375 0.84375 0.04140625 0.065625
0 0.46796875 0.703125 0.05703125 0.09765625
0 0.575 0.65078125 0.0484375 0.0953125
0 0.6125 0.6296875 0.02734375 0.08828125
0 0.65078125 0.68125 0.0484375 0.1078125
0 0.54921875 0.815625 0.02734375 0.06328125
0 0.5359375 0.74609375 0.0546875 0.0609375
0 0.59921875 0.75078125 0.0734375 0.08046875
0 0.6515625 0.89609375 0.05703125 0.09765625