0 0.18359375 0.24375 0.0640625 0.07734375
0 0.24921875 0.184375 0.0625 0.0546875
2 0.09453125 0.31484375 0.1140625 0.2375
2 0.18359375 0.409375 0.065625 0.2484375
2 0.25078125 0.38515625 0.065625 0.346875
2 0.35703125 0.53828125 0.14453125 0.2375
2 0.3578125 0.3234375 0.14609375 0.1734375
2 0.48984375 0.5890625 0.11796875 0.33046875
2 0.621875 0.6796875 0.14609375 0.31015625
0 0.7625 0.528125 0.10625 0.17578125
0 0.63515625 0.38203125 0.06796875 0.09375
2 0.49140625 0.35078125 0.1203125 0.14140625