0 0.75234375 0.7125 0.12734375 0.1859375
0 0.64375 0.259375 0.02734375 0.03046875
0 0.66484375 0.303125 0.0578125 0.0390625
0 0.6140625 0.296875 0.03984375 0.10546875
0 0.57734375 0.29296875 0.0375 0.10859375
2 0.50078125 0.84140625 0.1015625 0.21640625
2 0.39921875 0.84609375 0.1015625 0.2359375
2 0.40078125 0.64296875 0.0984375 0.18046875
2 0.50390625 0.64296875 0.1046875 0.18046875
2 0.59453125 0.70390625 0.0765625 0.15859375
2 0.5078125 0.4984375 0.1109375 0.0859375
2 0.40546875 0.515625 0.09375 0.08046875
0 0.434375 0.4375 0.0390625 0.075
0 0.3875 0.421875 0.0546875 0.08359375