0 0.7265625 0.5984375 0.0671875 0.11953125
2 0.4765625 0.30859375 0.0453125 0.15546875
2 0.528125 0.328125 0.0609375 0.09453125
2 0.4265625 0.3234375 0.0546875 0.096875
0 0.4796875 0.478125 0.040625 0.08515625
0 0.51953125 0.49296875 0.0359375 0.0734375
0 0.403125 0.49140625 0.03046875 0.04921875
0 0.375 0.503125 0.02421875 0.04453125
2 0.43828125 0.396875 0.03046875 0.04453125
2 0.4765625 0.4109375 0.0453125 0.04375
2 0.52890625 0.41328125 0.059375 0.0796875
2 0.59296875 0.40859375 0.06796875 0.0890625
2 0.55078125 0.49453125 0.0265625 0.0765625
2 0.60703125 0.4984375 0.0859375 0.09453125
2 0.55078125 0.58125 0.0265625 0.09609375
2 0.628125 0.6046875 0.128125 0.11640625
2 0.51953125 0.58984375 0.03671875 0.1109375
2 0.5515625 0.67578125 0.02578125 0.09296875
2 0.62890625 0.734375 0.128125 0.14375