2 0.0984375 0.875 0.196875 0.24609375
2 0.29375 0.87421875 0.19453125 0.2515625
0 0.51171875 0.86875 0.24296875 0.2625
0 0.825 0.86484375 0.08203125 0.09765625
0 0.56953125 0.6875 0.07109375 0.11015625
0 0.3046875 0.68125 0.184375 0.121875
0 0.56953125 0.446875 0.0484375 0.0828125
0 0.65546875 0.38125 0.02734375 0.04375
0 0.634375 0.45078125 0.07578125 0.1
0 0.72109375 0.58515625 0.09375 0.1296875
0 0.7953125 0.64375 0.04921875 0.08515625
2 0.63359375 0.57421875 0.0734375 0.1609375
2 0.5359375 0.5640625 0.12109375 0.14140625
2 0.63671875 0.696875 0.0734375 0.08515625
2 0.50703125 0.4484375 0.078125 0.090625
2 0.43984375 0.5359375 0.065625 0.14921875