0 0.65078125 0.78203125 0.1828125 0.21015625
0 0.7984375 0.715625 0.08046875 0.128125
0 0.5296875 0.8296875 0.125 0.13046875
0 0.3734375 0.7796875 0.0921875 0.13828125
0 0.48671875 0.57421875 0.14609375 0.1640625
0 0.590625 0.61171875 0.0765625 0.115625
0 0.56328125 0.50859375 0.05390625 0.0640625
0 0.5484375 0.41171875 0.06953125 0.0796875
0 0.60703125 0.47421875 0.06328125 0.09765625
0 0.615625 0.39765625 0.05390625 0.0765625
1 0.51171875 0.3796875 0.115625 0.0921875
1 0.4515625 0.4125 0.1234375 0.06171875
0 0.3421875 0.48046875 0.05 0.06953125
0 0.3671875 0.51796875 0.10390625 0.14375
0 0.35546875 0.6515625 0.115625 0.14375