0 0.31640625 0.69453125 0.0640625 0.0703125
0 0.3328125 0.578125 0.059375 0.0453125
0 0.41953125 0.43359375 0.046875 0.05859375
0 0.57109375 0.40234375 0.0296875 0.05390625
0 0.45703125 0.58125 0.03515625 0.05703125
0 0.478125 0.53671875 0.053125 0.06015625
2 0.196875 0.646875 0.09765625 0.121875
0 0.51015625 0.4765625 0.046875 0.053125
0 0.584375 0.35546875 0.040625 0.028125
0 0.2515625 0.53203125 0.04609375 0.06484375
0 0.4296875 0.38046875 0.059375 0.0484375
2 0.43984375 0.64609375 0.1765625 0.08515625
2 0.4234375 0.7203125 0.14296875 0.06328125
2 0.31953125 0.81640625 0.0703125 0.1703125
2 0.21796875 0.80546875 0.12890625 0.19765625
2 0.2640625 0.6359375 0.034375 0.1375
2 0.315625 0.6359375 0.0671875 0.05859375
2 0.39921875 0.53515625 0.075 0.140625
2 0.31796875 0.50859375 0.0859375 0.090625
2 0.3484375 0.4328125 0.096875 0.05390625
2 0.465625 0.4546875 0.0453125 0.0921875
2 0.6 0.47265625 0.0640625 0.0984375
2 0.55234375 0.521875 0.034375 0.1609375