1 0.59140625 0.16796875 0.059375 0.0953125
1 0.02421875 0.28125 0.0484375 0.065625
1 0.0609375 0.4640625 0.11875 0.19296875
2 0.26484375 0.7828125 0.52734375 0.43359375
2 0.3375 0.409375 0.41484375 0.30625
0 0.58046875 0.5359375 0.0875 0.140625
0 0.67734375 0.57421875 0.1 0.23984375
1 0.70859375 0.38125 0.1265625 0.128125
2 0.59609375 0.35078125 0.08828125 0.1921875
2 0.64453125 0.8078125 0.2171875 0.384375
2 0.8078125 0.753125 0.0921875 0.2859375
0 0.3375 0.19609375 0.12578125 0.0984375
2 0.09140625 0.3125 0.0703125 0.115625