2 0.5546875 0.9265625 0.88984375 0.14375
2 0.57578125 0.80546875 0.84765625 0.0890625
2 0.58984375 0.7375 0.81953125 0.06875
2 0.61875 0.684375 0.7625 0.084375
2 0.634375 0.6359375 0.73046875 0.07109375
0 0.41015625 0.5234375 0.10859375 0.221875
1 0.8703125 0.3640625 0.10078125 0.32265625
1 0.55390625 0.1171875 0.07109375 0.225
1 0.4578125 0.3953125 0.11015625 0.17578125
1 0.40703125 0.38359375 0.07578125 0.09296875
2 0.66875 0.43203125 0.384375 0.72265625
2 0.9 0.35859375 0.2 0.7171875
2 0.41328125 0.559375 0.259375 0.20546875
2 0.43828125 0.44296875 0.203125 0.14375
2 0.4671875 0.3453125 0.19375 0.16328125
2 0.4859375 0.2578125 0.1140625 0.14921875
2 0.79375 0.103125 0.4125 0.20625
0 0.7828125 0.22578125 0.0984375 0.19453125
0 0.69765625 0.04140625 0.11171875 0.08203125