0 0.7484375 0.8109375 0.06484375 0.065625
2 0.49375 0.66015625 0.35703125 0.2359375
2 0.69375 0.5453125 0.21640625 0.11484375
2 0.83203125 0.56875 0.09296875 0.0890625
2 0.81796875 0.51484375 0.065625 0.028125
2 0.49765625 0.53515625 0.27890625 0.03359375
2 0.525 0.51875 0.25234375 0.03203125
2 0.54375 0.496875 0.21015625 0.0484375
2 0.6953125 0.465625 0.146875 0.0546875
2 0.765625 0.4796875 0.04296875 0.03359375
2 0.55703125 0.45390625 0.209375 0.04375
2 0.59453125 0.41171875 0.1578125 0.04375
2 0.68125 0.434375 0.103125 0.02578125
2 0.6765625 0.41328125 0.03125 0.02890625
0 0.68984375 0.63671875 0.1390625 0.140625