2 0.65859375 0.925 0.3109375 0.146875
2 0.5640625 0.76328125 0.30234375 0.26640625
2 0.51328125 0.60546875 0.2859375 0.26484375
2 0.478125 0.59765625 0.415625 0.16953125
2 0.41171875 0.3640625 0.24453125 0.365625
2 0.55078125 0.41328125 0.08515625 0.19609375
2 0.5515625 0.2828125 0.04921875 0.1515625
2 0.303125 0.275 0.13515625 0.2265625
2 0.24921875 0.27890625 0.07109375 0.1546875
2 0.40859375 0.15625 0.2171875 0.08984375
2 0.38671875 0.10078125 0.125 0.0609375
2 0.3859375 0.059375 0.09140625 0.06875
2 0.74375 0.83359375 0.07734375 0.12578125
2 0.725 0.746875 0.0515625 0.12265625
2 0.6140625 0.45625 0.06484375 0.059375
2 0.603125 0.4171875 0.03359375 0.13671875