0 0.45 0.2125 0.08515625 0.2015625
0 0.11875 0.46953125 0.18203125 0.15625
2 0.309375 0.39296875 0.1921875 0.39140625
2 0.625 0.36640625 0.253125 0.31171875
2 0.45234375 0.40703125 0.08984375 0.18125
0 0.42734375 0.55390625 0.03984375 0.171875
2 0.53671875 0.61171875 0.1609375 0.196875
2 0.784375 0.57734375 0.0828125 0.13203125
0 0.8734375 0.46875 0.04296875 0.09921875
0 0.6921875 0.91484375 0.08359375 0.165625
0 0.78671875 0.40078125 0.07109375 0.14296875
0 0.17890625 0.3484375 0.065625 0.08046875