2 0.484375 0.46640625 0.21640625 0.3375
2 0.64375 0.50390625 0.1140625 0.2734375
2 0.6515625 0.38046875 0.0625 0.0609375
2 0.4390625 0.31171875 0.08828125 0.0890625
2 0.496875 0.27890625 0.05625 0.06953125
2 0.36796875 0.5140625 0.11640625 0.065625
2 0.375 0.56328125 0.053125 0.05625
2 0.36640625 0.440625 0.0765625 0.146875
2 0.34375 0.38515625 0.0734375 0.034375
2 0.365625 0.359375 0.071875 0.03515625
2 0.4234375 0.275 0.0578125 0.0828125
2 0.59921875 0.375 0.03515625 0.0890625
2 0.39609375 0.6203125 0.05546875 0.1015625