1 0.546875 0.50234375 0.1265625 0.5234375
1 0.796875 0.70390625 0.40625 0.22578125
1 0.7734375 0.5921875 0.45234375 0.10078125
1 0.71484375 0.46875 0.23203125 0.15703125
1 0.82265625 0.503125 0.121875 0.13828125
1 0.88515625 0.5359375 0.0984375 0.0875
1 0.690625 0.3625 0.26796875 0.0921875
1 0.6140625 0.3171875 0.09453125 0.125
1 0.4453125 0.4796875 0.1703125 0.41171875
1 0.496875 0.284375 0.09375 0.06328125
1 0.32265625 0.30546875 0.11171875 0.15859375
1 0.38359375 0.27890625 0.06796875 0.075
1 0.2296875 0.36875 0.23828125 0.22421875
1 0.2703125 0.2609375 0.1359375 0.053125
1 0.12578125 0.3296875 0.08984375 0.1296875
1 0.3265625 0.49765625 0.17421875 0.15390625
1 0.3640625 0.4 0.08203125 0.11953125
1 0.3703125 0.603125 0.1515625 0.13984375
1 0.29765625 0.5890625 0.1359375 0.13515625
1 0.4765625 0.71640625 0.20859375 0.15078125
1 0.61640625 0.7671875 0.09453125 0.146875
1 0.69140625 0.82890625 0.0859375 0.075