0 0.67265625 0.63984375 0.078125 0.09375
0 0.1515625 0.68671875 0.084375 0.09375
0 0.0703125 0.6984375 0.0578125 0.07890625
0 0.58828125 0.521875 0.06015625 0.0921875
0 0.5859375 0.7625 0.05 0.0640625
2 0.8625 0.671875 0.11640625 0.2796875
2 0.90859375 0.69296875 0.128125 0.2015625
2 0.940625 0.7203125 0.11796875 0.19375
2 0.92265625 0.596875 0.0390625 0.0671875
2 0.79609375 0.69609375 0.14921875 0.19765625
2 0.809375 0.621875 0.11328125 0.1203125
2 0.6546875 0.7046875 0.178125 0.1953125
0 0.6453125 0.740625 0.09296875 0.08203125
0 0.625 0.6046875 0.065625 0.096875
0 0.66640625 0.56171875 0.09296875 0.12265625
2 0.55 0.6671875 0.13671875 0.2453125
2 0.4453125 0.6859375 0.18203125 0.2125
2 0.45390625 0.5984375 0.0890625 0.08984375
0 0.46328125 0.54375 0.04453125 0.04921875
2 0.325 0.66953125 0.06484375 0.1984375
2 0.29140625 0.671875 0.0390625 0.18203125
2 0.2578125 0.6796875 0.0765625 0.12734375
2 0.22578125 0.70390625 0.0890625 0.07109375