0 0.80703125 0.49296875 0.12265625 0.1296875
1 0.42890625 0.68984375 0.13671875 0.1546875
1 0.25 0.74140625 0.18984375 0.12265625
2 0.67109375 0.74140625 0.21640625 0.50625
2 0.91796875 0.925 0.10859375 0.14765625
2 0.81015625 0.78359375 0.0796875 0.4328125
2 0.8609375 0.83671875 0.034375 0.325
2 0.89296875 0.86484375 0.040625 0.26796875
2 0.96171875 0.959375 0.06875 0.0796875
2 0.91875 0.8671875 0.05 0.13828125
2 0.36796875 0.94375 0.63359375 0.10625
2 0.375 0.89765625 0.5328125 0.09765625
2 0.37109375 0.83359375 0.44140625 0.08984375
2 0.41171875 0.715625 0.36953125 0.23203125
2 0.45546875 0.55546875 0.33515625 0.1546875
2 0.39921875 0.7578125 0.4359375 0.11796875