2 0.51171875 0.70625 0.76171875 0.5875
2 0.15078125 0.76484375 0.30078125 0.46796875
2 0.1109375 0.53671875 0.1578125 0.08359375
2 0.1375 0.49140625 0.125 0.0625
2 0.146875 0.46328125 0.07890625 0.0625
2 0.54609375 0.39453125 0.65 0.1078125
2 0.87578125 0.3890625 0.021875 0.0734375
2 0.56796875 0.334375 0.56953125 0.05625
2 0.58046875 0.30078125 0.5296875 0.02421875
2 0.5734375 0.28046875 0.459375 0.01953125
2 0.89375 0.721875 0.0375 0.55625
2 0.953125 0.771875 0.09140625 0.45390625
2 0.921875 0.525 0.0421875 0.10859375
2 0.94453125 0.56875 0.0375 0.13203125
2 0.975 0.559375 0.03046875 0.05546875
2 0.9078125 0.475 0.03359375 0.0375
2 0.940625 0.50390625 0.028125 0.03359375
2 0.8921875 0.4375 0.028125 0.03203125
2 0.42265625 0.2625 0.10078125 0.03984375
2 0.67109375 0.26875 0.2375 0.0359375