0 0.34375 0.5234375 0.07265625 0.0984375
0 0.42890625 0.28515625 0.04140625 0.053125
0 0.259375 0.9515625 0.078125 0.096875
0 0.26796875 0.7453125 0.03828125 0.0484375
2 0.37890625 0.578125 0.27421875 0.84375
2 0.21015625 0.87578125 0.10390625 0.246875
2 0.22421875 0.69453125 0.09765625 0.2140625
2 0.23359375 0.5609375 0.071875 0.178125
2 0.24609375 0.371875 0.040625 0.315625
2 0.51484375 0.61875 0.07890625 0.76015625
2 0.5703125 0.68515625 0.0890625 0.62890625
2 0.6625 0.95390625 0.27578125 0.090625
2 0.64609375 0.76953125 0.0890625 0.403125
2 0.7078125 0.84765625 0.0703125 0.2140625
2 0.74453125 0.8984375 0.04921875 0.140625
2 0.69453125 0.734375 0.04296875 0.13203125
2 0.63046875 0.54921875 0.04140625 0.16640625