2 0.3515625 0.821875 0.0390625 0.09140625
2 0.340625 0.653125 0.0515625 0.10546875
2 0.29921875 0.534375 0.0421875 0.08046875
2 0.5203125 0.56796875 0.04140625 0.403125
2 0.5921875 0.634375 0.05390625 0.4125
2 0.55234375 0.58828125 0.0328125 0.40703125
2 0.453125 0.61171875 0.05703125 0.3484375
2 0.4171875 0.5671875 0.04765625 0.2265625
2 0.3890625 0.60625 0.0515625 0.0984375
2 0.49453125 0.5984375 0.03359375 0.3609375
2 0.49765625 0.42734375 0.02578125 0.05703125
2 0.56875 0.45078125 0.03203125 0.10390625
2 0.63515625 0.59765625 0.0703125 0.32109375
2 0.62578125 0.453125 0.02578125 0.06953125
2 0.6703125 0.553125 0.05078125 0.221875
2 0.7140625 0.68515625 0.0921875 0.1234375
2 0.68671875 0.578125 0.0453125 0.178125