2 0.79765625 0.56640625 0.0828125 0.07734375
0 0.33125 0.49296875 0.0453125 0.0859375
0 0.35703125 0.4578125 0.03203125 0.10859375
1 0.68046875 0.55390625 0.08671875 0.52421875
1 0.82578125 0.71484375 0.16328125 0.553125
1 0.740625 0.57734375 0.05 0.5265625
1 0.92890625 0.9078125 0.1421875 0.18203125
1 0.90390625 0.6453125 0.04609375 0.36953125
1 0.95234375 0.67578125 0.0953125 0.18828125
1 0.57109375 0.60390625 0.1328125 0.509375
1 0.63515625 0.38828125 0.09140625 0.1171875
1 0.25625 0.81015625 0.1875 0.3796875
1 0.4375 0.69765625 0.221875 0.28359375
1 0.42734375 0.43046875 0.11328125 0.3078125
1 0.12578125 0.84375 0.165625 0.3125
1 0.2 0.66953125 0.17421875 0.15703125
1 0.26796875 0.56015625 0.0953125 0.30078125
1 0.484375 0.459375 0.0609375 0.28125
2 0.521875 0.83984375 0.440625 0.31953125