0 0.4140625 0.48046875 0.07265625 0.07109375
0 0.35703125 0.6015625 0.08125 0.0953125
2 0.51015625 0.53515625 0.24375 0.37734375
2 0.65078125 0.53203125 0.08671875 0.26875
2 0.65703125 0.675 0.07890625 0.0671875
2 0.72109375 0.5875 0.06640625 0.30390625
2 0.7765625 0.57421875 0.06328125 0.2328125
2 0.8375 0.55546875 0.053125 0.1265625
2 0.865625 0.5453125 0.0203125 0.0703125
2 0.65078125 0.70703125 0.0765625 0.0703125
2 0.421875 0.7296875 0.10078125 0.40390625
2 0.515625 0.71640625 0.13203125 0.09609375
2 0.5875 0.71796875 0.04296875 0.0359375
2 0.4875 0.78203125 0.08046875 0.12578125
2 0.35625 0.48984375 0.09921875 0.184375
2 0.3875 0.39921875 0.10234375 0.0515625
2 0.39296875 0.36484375 0.0390625 0.0234375
2 0.45390625 0.34609375 0.090625 0.02265625
2 0.475 0.328125 0.05390625 0.034375
2 0.3046875 0.50546875 0.02109375 0.15703125
2 0.28203125 0.46796875 0.025 0.11015625
2 0.3546875 0.740625 0.04453125 0.36171875