2 0.25703125 0.80234375 0.0953125 0.3953125
2 0.2046875 0.87421875 0.01953125 0.24765625
2 0.20859375 0.72890625 0.01640625 0.0671875
2 0.17265625 0.965625 0.07265625 0.06484375
2 0.17578125 0.92265625 0.053125 0.0640625
2 0.02578125 0.9234375 0.0515625 0.153125
2 0.10234375 0.96796875 0.13984375 0.06015625
2 0.05078125 0.91015625 0.02421875 0.10625
2 0.0671875 0.93125 0.01796875 0.09765625
2 0.08203125 0.94609375 0.0234375 0.1046875
2 0.0984375 0.93828125 0.02109375 0.0546875
2 0.1125 0.95390625 0.01953125 0.06484375
2 0.01953125 0.85625 0.0390625 0.0484375
2 0.0140625 0.83671875 0.02734375 0.03125
2 0.00859375 0.815625 0.0171875 0.025
2 0.26484375 0.584375 0.11015625 0.1609375
2 0.16640625 0.63359375 0.046875 0.06640625
2 0.18984375 0.65078125 0.0171875 0.06796875
2 0.17421875 0.6609375 0.01953125 0.0296875
2 0.13984375 0.64140625 0.01796875 0.03515625
2 0.2125 0.67734375 0.0171875 0.0609375
2 0.325 0.78203125 0.05859375 0.39609375
2 0.353125 0.6359375 0.07734375 0.37265625
2 0.3609375 0.91953125 0.01953125 0.11015625
2 0.3875 0.92578125 0.04609375 0.071875
2 0.29453125 0.5125 0.07265625 0.14296875
2 0.41015625 0.53515625 0.0390625 0.47421875
2 0.36640625 0.43828125 0.0703125 0.09140625
2 0.3265625 0.43359375 0.0265625 0.06015625
2 0.3859375 0.38359375 0.078125 0.0421875
2 0.3828125 0.35078125 0.0296875 0.05390625
2 0.43828125 0.49296875 0.06328125 0.4421875
2 0.434375 0.71484375 0.040625 0.05859375
2 0.50078125 0.43828125 0.06796875 0.36171875
2 0.47421875 0.615625 0.028125 0.05546875
2 0.5859375 0.3984375 0.1171875 0.3640625
2 0.52109375 0.246875 0.04296875 0.0734375
2 0.63125 0.334375 0.06875 0.40625
2 0.6703125 0.29140625 0.05703125 0.40078125
2 0.5703125 0.20546875 0.0703125 0.1078125
2 0.575 0.1515625 0.02890625 0.05078125
2 0.63203125 0.11640625 0.034375 0.06015625
2 0.70234375 0.24609375 0.03828125 0.30390625
2 0.721875 0.3609375 0.02734375 0.0890625
2 0.7 0.0734375 0.04921875 0.13984375
2 0.7375 0.07890625 0.0546875 0.12265625
2 0.7859375 0.11640625 0.0578125 0.0734375
2 0.765625 0.05 0.05 0.06484375