0 0.26328125 0.32578125 0.05 0.0671875
0 0.74296875 0.42890625 0.0734375 0.09375
0 0.85234375 0.24921875 0.040625 0.05859375
0 0.62109375 0.1203125 0.03359375 0.05078125
0 0.8625 0.084375 0.06328125 0.05703125
2 0.29609375 0.70234375 0.503125 0.5953125
2 0.72890625 0.73359375 0.3390625 0.5328125
2 0.49609375 0.3609375 0.4015625 0.06484375
2 0.628125 0.43359375 0.1546875 0.07109375
1 0.48046875 0.21796875 0.20703125 0.20625
1 0.6203125 0.109375 0.1015625 0.07890625
0 0.7578125 0.2203125 0.13671875 0.209375
2 0.63671875 0.23984375 0.10078125 0.17109375