0 0.21953125 0.77421875 0.18046875 0.28359375
0 0.29765625 0.9375 0.08125 0.11953125
0 0.34921875 0.86640625 0.0734375 0.17890625
0 0.0296875 0.86953125 0.05546875 0.10625
1 0.72421875 0.759375 0.1328125 0.19765625
1 0.8546875 0.89453125 0.125 0.2109375
0 0.6671875 0.5859375 0.02109375 0.078125
2 0.72578125 0.45546875 0.0734375 0.1484375
1 0.55703125 0.73828125 0.1375 0.484375
1 0.45625 0.915625 0.06328125 0.16796875
1 0.5734375 0.40078125 0.2265625 0.1859375
1 0.4078125 0.6578125 0.15859375 0.14609375
2 0.40859375 0.52421875 0.15390625 0.121875
2 0.74140625 0.57265625 0.125 0.1421875