2 0.62109375 0.35390625 0.31328125 0.134375
2 0.14921875 0.465625 0.24609375 0.17578125
2 0.28125 0.3453125 0.19375 0.07265625
2 0.3796875 0.29609375 0.22890625 0.09765625
2 0.4453125 0.37265625 0.14921875 0.1078125
2 0.5734375 0.2578125 0.15078125 0.0625
2 0.6515625 0.20625 0.209375 0.0453125
2 0.71171875 0.15859375 0.10078125 0.0515625
2 0.74140625 0.26015625 0.18203125 0.05703125
2 0.88671875 0.31953125 0.2265625 0.0609375
2 0.35703125 0.43515625 0.17421875 0.11015625
2 0.50078125 0.51796875 0.1171875 0.18046875
2 0.8734375 0.41015625 0.190625 0.08828125
2 0.35546875 0.5984375 0.165625 0.2140625
2 0.50078125 0.68515625 0.11875 0.14921875
2 0.140625 0.6390625 0.27265625 0.16484375
2 0.78203125 0.60859375 0.4359375 0.3078125