0 0.3015625 0.48125 0.08828125 0.10390625
0 0.546875 0.44453125 0.0859375 0.0921875
0 0.4515625 0.45703125 0.05234375 0.0765625
0 0.50078125 0.471875 0.05 0.075
0 0.428125 0.4015625 0.1203125 0.08203125
0 0.1875 0.50390625 0.06640625 0.0515625
0 0.09375 0.38515625 0.0875 0.06640625
0 0.0953125 0.4515625 0.08359375 0.06171875
0 0.54140625 0.734375 0.0765625 0.09765625
0 0.7203125 0.77109375 0.084375 0.10625
0 0.6515625 0.61640625 0.0734375 0.0875
0 0.50859375 0.6296875 0.06015625 0.08359375
0 0.55546875 0.66875 0.05625 0.071875
0 0.396875 0.51796875 0.07578125 0.06875
0 0.2140625 0.609375 0.04609375 0.0703125
0 0.271875 0.83828125 0.06953125 0.0765625
0 0.21015625 0.4109375 0.084375 0.04609375
0 0.2421875 0.46875 0.03828125 0.04453125
0 0.0984375 0.51640625 0.0765625 0.0546875
0 0.3453125 0.4453125 0.08828125 0.1109375
0 0.59375 0.55859375 0.09765625 0.109375
0 0.23984375 0.66953125 0.05859375 0.0765625
1 0.4375 0.75 0.08046875 0.3140625
1 0.08828125 0.9125 0.14140625 0.175
2 0.36171875 0.6390625 0.0640625 0.1125
0 0.3578125 0.77578125 0.0875 0.1234375
2 0.11640625 0.74140625 0.2203125 0.165625
2 0.121875 0.60234375 0.10546875 0.125
0 0.7140625 0.50859375 0.24375 0.19296875