2 0.32421875 0.0625 0.0765625 0.12421875
2 0.2625 0.0421875 0.04375 0.0703125
2 0.19453125 0.03828125 0.08984375 0.0703125
2 0.1953125 0.19375 0.08984375 0.23046875
2 0.09375 0.16875 0.11484375 0.090625
2 0.1203125 0.084375 0.05703125 0.0734375
2 0.26328125 0.20546875 0.04609375 0.25625
2 0.325 0.24453125 0.075 0.2359375
2 0.3859375 0.19765625 0.04609375 0.33359375
2 0.46015625 0.2171875 0.0984375 0.21875
2 0.46015625 0.43984375 0.1 0.2203125
2 0.553125 0.3515625 0.08828125 0.346875
2 0.6421875 0.59296875 0.08671875 0.3484375
2 0.6390625 0.36875 0.07890625 0.09375
2 0.73203125 0.6671875 0.09453125 0.46328125
2 0.63984375 0.8875 0.0828125 0.225
2 0.55390625 0.746875 0.0875 0.4375
2 0.46015625 0.7546875 0.0984375 0.40859375
2 0.35 0.73046875 0.11953125 0.35390625
2 0.346875 0.45625 0.1234375 0.19453125
2 0.26640625 0.5359375 0.04921875 0.39453125
2 0.19609375 0.4234375 0.0921875 0.2203125
2 0.12109375 0.35546875 0.05234375 0.2765625