0 0.81875 0.61171875 0.08828125 0.11640625
0 0.534375 0.14296875 0.084375 0.12109375
0 0.634375 0.13515625 0.1125 0.1296875
0 0.4015625 0.42890625 0.0875 0.15078125
0 0.4453125 0.215625 0.03203125 0.04453125
2 0.3734375 0.24609375 0.10625 0.19140625
2 0.23984375 0.3625 0.16171875 0.1609375
0 0.91875 0.58203125 0.10859375 0.13828125
0 0.38125 0.90625 0.09375 0.10234375
2 0.10234375 0.76796875 0.2046875 0.46328125
2 0.1984375 0.4890625 0.25 0.0921875
2 0.27421875 0.70390625 0.13046875 0.33515625
2 0.66796875 0.23671875 0.3484375 0.09375
2 0.46015625 0.30390625 0.06953125 0.1234375
2 0.6875 0.36171875 0.3859375 0.1796875
2 0.47265625 0.534375 0.05234375 0.3296875
2 0.39296875 0.60234375 0.09609375 0.2
2 0.33984375 0.434375 0.03828125 0.17109375
2 0.6359375 0.56640625 0.2765625 0.234375
2 0.81953125 0.5 0.0921875 0.09765625
2 0.434375 0.7921875 0.128125 0.125
2 0.71875 0.8421875 0.44453125 0.309375