0 0.32890625 0.15625 0.03984375 0.03125
0 0.29375 0.15078125 0.0390625 0.021875
0 0.22421875 0.1609375 0.03515625 0.03046875
0 0.50390625 0.23828125 0.03515625 0.0265625
0 0.58203125 0.38828125 0.1 0.06640625
0 0.53046875 0.6515625 0.375 0.075
0 0.2625 0.6109375 0.1609375 0.1390625
0 0.1796875 0.46953125 0.1296875 0.1296875
0 0.1125 0.58125 0.134375 0.0875
0 0.4671875 0.23359375 0.0546875 0.04296875
0 0.4578125 0.45078125 0.165625 0.2296875
0 0.24140625 0.19765625 0.0765625 0.046875
0 0.18828125 0.2140625 0.03515625 0.01953125
0 0.15859375 0.2453125 0.03203125 0.02890625
0 0.1109375 0.31640625 0.04921875 0.0296875
0 0.15234375 0.37890625 0.0296875 0.03046875
0 0.42578125 0.26875 0.03046875 0.0296875
2 0.609375 0.8765625 0.3796875 0.246875
2 0.6140625 0.5375 0.134375 0.14921875