0 0.40859375 0.44921875 0.0703125 0.1296875
0 0.5625 0.35859375 0.065625 0.0796875
0 0.64765625 0.41015625 0.0484375 0.0765625
0 0.44375 0.63671875 0.153125 0.25625
0 0.1296875 0.5859375 0.0796875 0.1
0 0.56171875 0.2546875 0.0578125 0.096875
0 0.734375 0.25078125 0.05 0.0546875
0 0.7640625 0.3171875 0.05 0.084375
0 0.6765625 0.23203125 0.0296875 0.0484375
0 0.68671875 0.26484375 0.028125 0.0359375
0 0.58671875 0.5203125 0.0671875 0.1140625
2 0.4828125 0.41015625 0.1125 0.2234375
2 0.62109375 0.290625 0.0859375 0.078125
2 0.6984375 0.40234375 0.0890625 0.2546875
2 0.6078125 0.3921875 0.0609375 0.1375
2 0.66328125 0.3265625 0.0609375 0.09375
2 0.628125 0.22421875 0.078125 0.071875
2 0.53828125 0.4609375 0.06875 0.125
2 0.53203125 0.58125 0.05 0.134375
2 0.709375 0.41328125 0.0796875 0.0875
2 0.34140625 0.6109375 0.1109375 0.234375