0 0.18203125 0.725 0.0953125 0.0734375
0 0.46640625 0.625 0.065625 0.04375
0 0.21171875 0.646875 0.0453125 0.0265625
1 0.25234375 0.61875 0.10546875 0.0703125
1 0.34921875 0.625 0.08671875 0.06015625
1 0.24140625 0.56640625 0.0734375 0.03203125
0 0.3046875 0.5734375 0.053125 0.0265625
1 0.15625 0.6078125 0.0890625 0.0546875
1 0.0546875 0.61953125 0.109375 0.0671875
2 0.08984375 0.56953125 0.1796875 0.0328125
0 0.803125 0.68984375 0.05859375 0.05078125
0 0.478125 0.775 0.071875 0.03828125
0 0.55 0.74609375 0.04296875 0.0171875
0 0.85 0.79609375 0.03515625 0.084375
0 0.8703125 0.71640625 0.07265625 0.05
0 0.8671875 0.67890625 0.0625 0.040625
0 0.52734375 0.61328125 0.05 0.0265625
0 0.684375 0.68203125 0.05859375 0.04921875
0 0.90703125 0.85390625 0.0265625 0.02421875
0 0.93984375 0.9359375 0.1203125 0.12734375
0 0.95234375 0.7421875 0.0953125 0.059375
0 0.94765625 0.8234375 0.1046875 0.10703125
2 0.77265625 0.740625 0.134375 0.0546875
0 0.715625 0.796875 0.09296875 0.06875
0 0.646875 0.7625 0.13828125 0.03671875
0 0.67578125 0.73125 0.059375 0.0390625
0 0.4859375 0.84375 0.0921875 0.05
0 0.5015625 0.80234375 0.1109375 0.03828125
0 0.4296875 0.715625 0.1453125 0.06953125
0 0.2296875 0.67578125 0.03046875 0.02421875
0 0.3125 0.67578125 0.184375 0.04453125
0 0.47578125 0.6515625 0.14140625 0.0296875
2 0.22421875 0.52421875 0.16328125 0.0453125
1 0.384375 0.5390625 0.14375 0.053125
1 0.19140625 0.57109375 0.3828125 0.0734375
1 0.52734375 0.54140625 0.14375 0.0796875
2 0.63515625 0.61484375 0.1609375 0.0671875
2 0.47109375 0.58515625 0.16640625 0.03671875
0 0.6015625 0.7 0.1078125 0.10546875
0 0.50546875 0.70625 0.08203125 0.0765625
0 0.815625 0.8234375 0.11484375 0.11328125