0 0.47890625 0.5703125 0.134375 0.23671875
0 0.52734375 0.08203125 0.04140625 0.071875
0 0.48671875 0.1015625 0.03828125 0.0515625
0 0.66015625 0.5140625 0.13359375 0.21484375
0 0.90390625 0.60859375 0.08359375 0.115625
0 0.6859375 0.65703125 0.1671875 0.11796875
0 0.77734375 0.43515625 0.03828125 0.0453125
0 0.58359375 0.55546875 0.07578125 0.0890625
0 0.48984375 0.81171875 0.0234375 0.04765625
0 0.19140625 0.55078125 0.0703125 0.07578125
0 0.33203125 0.4890625 0.03828125 0.08203125
0 0.5078125 0.2484375 0.0375 0.10234375
0 0.5796875 0.19765625 0.05390625 0.06484375
0 0.6015625 0.25625 0.04375 0.071875
0 0.4375 0.875 0.03359375 0.08203125
2 0.384375 0.66015625 0.0609375 0.46875
2 0.47890625 0.7625 0.13046875 0.14609375
2 0.30625 0.68671875 0.09296875 0.309375
2 0.6125 0.35546875 0.22734375 0.0796875