1 0.34140625 0.678125 0.240625 0.2078125
1 0.35078125 0.5140625 0.2328125 0.1203125
2 0.6828125 0.55546875 0.4234375 0.20234375
2 0.734375 0.40390625 0.115625 0.1
0 0.5625 0.415625 0.0515625 0.06171875
0 0.61875 0.37890625 0.0515625 0.04765625
0 0.578125 0.37421875 0.0328125 0.04921875
0 0.5109375 0.40234375 0.04609375 0.046875
0 0.446875 0.33828125 0.02890625 0.0375
0 0.4765625 0.33515625 0.0328125 0.04453125
0 0.51015625 0.3265625 0.03359375 0.0421875
0 0.53125 0.303125 0.0375 0.03984375
0 0.51171875 0.28828125 0.02578125 0.03125
0 0.596875 0.27265625 0.03671875 0.06328125
0 0.671875 0.28125 0.034375 0.03671875
0 0.6328125 0.2921875 0.0328125 0.034375
0 0.55625 0.2265625 0.02890625 0.0296875
0 0.58203125 0.23515625 0.02578125 0.03515625
0 0.51953125 0.26328125 0.0265625 0.01953125
2 0.40625 0.4078125 0.16171875 0.08828125
2 0.63359375 0.4265625 0.0859375 0.05078125
2 0.66015625 0.36484375 0.03046875 0.0703125
2 0.5984375 0.334375 0.09140625 0.04296875
2 0.5265625 0.35546875 0.0546875 0.0375