2 0.515625 0.71640625 0.22109375 0.24453125
2 0.49921875 0.89375 0.0890625 0.1125
2 0.665625 0.55703125 0.0796875 0.071875
2 0.5984375 0.578125 0.06640625 0.053125
2 0.53046875 0.546875 0.0734375 0.09296875
0 0.40390625 0.484375 0.0625 0.14453125
0 0.27890625 0.66875 0.0546875 0.05390625
0 0.30078125 0.47890625 0.03515625 0.05859375
0 0.309375 0.58671875 0.04921875 0.115625
0 0.36015625 0.59296875 0.03984375 0.04453125
0 0.25703125 0.58828125 0.03828125 0.0484375
0 0.271875 0.5359375 0.0234375 0.05546875
2 0.57109375 0.45078125 0.0765625 0.08203125