0 0.58984375 0.5421875 0.0359375 0.1
0 0.5953125 0.46484375 0.0734375 0.10546875
0 0.53984375 0.4875 0.0375 0.13671875
0 0.49453125 0.453125 0.05078125 0.0859375
0 0.4515625 0.41953125 0.03515625 0.0609375
2 0.52109375 0.39296875 0.0625 0.0609375
2 0.421875 0.371875 0.034375 0.0796875
0 0.321875 0.4859375 0.02734375 0.05
2 0.35546875 0.42734375 0.09921875 0.12578125
2 0.43671875 0.478125 0.06171875 0.121875
2 0.37265625 0.571875 0.06484375 0.16640625
2 0.44609375 0.6171875 0.08046875 0.15859375
2 0.540625 0.6171875 0.109375 0.15703125
2 0.49453125 0.51953125 0.05234375 0.04140625