1 0.72109375 0.43203125 0.17890625 0.28359375
1 0.57890625 0.47265625 0.1 0.403125
1 0.475 0.434375 0.10625 0.45390625
1 0.38828125 0.38203125 0.06796875 0.45703125
1 0.32890625 0.42109375 0.046875 0.3734375
1 0.2671875 0.44453125 0.075 0.3421875
1 0.31015625 0.675 0.05703125 0.1296875
2 0.1421875 0.81796875 0.19921875 0.21015625
2 0.06796875 0.61640625 0.1359375 0.20234375
2 0.171875 0.57734375 0.121875 0.14921875
2 0.215625 0.68515625 0.08359375 0.1390625
2 0.3640625 0.696875 0.06796875 0.1296875
2 0.4328125 0.653125 0.059375 0.0953125