0 0.48203125 0.4375 0.08046875 0.2296875
1 0.415625 0.32578125 0.0453125 0.27109375
1 0.46015625 0.2640625 0.04140625 0.1078125
1 0.3671875 0.33671875 0.05078125 0.26875
1 0.31796875 0.31015625 0.04296875 0.09765625
2 0.6 0.68515625 0.0921875 0.35859375
2 0.50078125 0.709375 0.10546875 0.3
2 0.69296875 0.72265625 0.0890625 0.28359375
2 0.6921875 0.52890625 0.096875 0.1046875
0 0.66796875 0.4453125 0.05078125 0.0609375
2 0.79296875 0.75234375 0.1109375 0.33671875
2 0.89609375 0.74140625 0.0953125 0.35390625
2 0.97109375 0.74296875 0.0578125 0.31953125
0 0.8546875 0.43828125 0.0359375 0.07578125
0 0.80546875 0.4140625 0.059375 0.11953125
0 0.5734375 0.2625 0.05 0.078125
2 0.61484375 0.46015625 0.05546875 0.08828125
1 0.51484375 0.24609375 0.0640625 0.1421875
1 0.4609375 0.1734375 0.0421875 0.0625
0 0.56875 0.40703125 0.03359375 0.1921875
1 0.5359375 0.40859375 0.025 0.1796875