2 0.67890625 0.39609375 0.0765625 0.12578125
2 0.70625 0.49296875 0.1375 0.0671875
2 0.5984375 0.36640625 0.084375 0.16953125
2 0.59765625 0.49453125 0.08359375 0.08671875
0 0.64375 0.5625 0.046875 0.053125
2 0.70859375 0.55078125 0.0796875 0.04375
2 0.5875 0.58359375 0.065625 0.08515625
2 0.53046875 0.36484375 0.0484375 0.17265625
2 0.48203125 0.36875 0.04921875 0.171875
2 0.53046875 0.5140625 0.05 0.12421875
2 0.48046875 0.50625 0.0484375 0.103125
2 0.440625 0.3765625 0.03671875 0.1515625
2 0.4390625 0.51640625 0.0359375 0.128125
2 0.4078125 0.38671875 0.0296875 0.15078125
2 0.37421875 0.415625 0.03671875 0.103125
2 0.40625 0.52734375 0.03046875 0.128125
2 0.37109375 0.52265625 0.0375 0.11171875
2 0.3375 0.5078125 0.03203125 0.1296875
2 0.30234375 0.51953125 0.0390625 0.109375
2 0.26640625 0.55078125 0.03046875 0.0765625