2 0.69609375 0.85078125 0.04609375 0.059375
2 0.615625 0.653125 0.0921875 0.29375
2 0.60859375 0.89296875 0.08046875 0.17578125
2 0.51015625 0.89296875 0.1234375 0.1890625
2 0.35859375 0.89140625 0.171875 0.209375
2 0.51015625 0.65546875 0.11796875 0.28984375
2 0.3921875 0.653125 0.11796875 0.27578125
2 0.2625 0.6609375 0.1359375 0.24140625
2 0.53828125 0.41875 0.09453125 0.18046875
2 0.5296875 0.26015625 0.08203125 0.12734375
2 0.4421875 0.2734375 0.0921875 0.1140625
2 0.44609375 0.42265625 0.09765625 0.17578125
0 0.36015625 0.4375 0.06171875 0.13203125
2 0.3625 0.31328125 0.06640625 0.10234375
2 0.29609375 0.45390625 0.05390625 0.1734375