1 0.428125 0.72109375 0.09609375 0.2421875
1 0.325 0.7109375 0.10859375 0.221875
1 0.4265625 0.51171875 0.09609375 0.175
1 0.3234375 0.51171875 0.10859375 0.175
1 0.23359375 0.58515625 0.06953125 0.15078125
1 0.5140625 0.4984375 0.0765625 0.1453125
0 0.50703125 0.62265625 0.05234375 0.07109375
1 0.5171875 0.39140625 0.075 0.0640625
1 0.4359375 0.390625 0.0875 0.0765625
1 0.58125 0.3921875 0.0546875 0.0609375
1 0.58046875 0.525 0.0578125 0.20078125
0 0.575 0.665625 0.05859375 0.07421875
1 0.6515625 0.52421875 0.08125 0.34453125
0 0.81640625 0.50390625 0.03359375 0.05703125
0 0.97890625 0.9109375 0.0421875 0.11875
0 0.9046875 0.93359375 0.04609375 0.0953125
1 0.72734375 0.5421875 0.06953125 0.309375
0 0.77890625 0.6890625 0.028125 0.05
1 0.7796875 0.5578125 0.0359375 0.18671875
1 0.8375 0.5890625 0.08046875 0.109375
0 0.6390625 0.8984375 0.04140625 0.05546875
0 0.98203125 0.78828125 0.03515625 0.06484375
0 0.88125 0.7453125 0.0421875 0.08671875