0 0.4546875 0.30625 0.07890625 0.08203125
0 0.57578125 0.37734375 0.1 0.11640625
0 0.53203125 0.31484375 0.0671875 0.09609375
0 0.53671875 0.240625 0.103125 0.121875
2 0.82890625 0.675 0.1515625 0.18828125
2 0.30703125 0.253125 0.203125 0.14765625
2 0.1 0.45234375 0.1921875 0.26640625
2 0.3609375 0.65625 0.3234375 0.65859375
2 0.0984375 0.76875 0.196875 0.365625
1 0.93828125 0.13125 0.11640625 0.24765625
1 0.66328125 0.19296875 0.125 0.2375
1 0.70078125 0.43125 0.140625 0.19140625
2 0.803125 0.184375 0.1328125 0.2234375