0 0.56953125 0.6671875 0.17421875 0.24375
0 0.940625 0.65234375 0.10390625 0.20546875
0 0.534375 0.3828125 0.0796875 0.13203125
0 0.621875 0.4296875 0.084375 0.15703125
0 0.71953125 0.4296875 0.1078125 0.203125
0 0.3453125 0.46953125 0.06796875 0.07734375
0 0.30234375 0.55546875 0.06640625 0.10234375
0 0.0859375 0.60390625 0.171875 0.2828125
0 0.21953125 0.57265625 0.065625 0.1140625
0 0.32890625 0.3453125 0.03203125 0.06640625
0 0.39453125 0.34453125 0.04140625 0.05
0 0.5125 0.27109375 0.0359375 0.0453125
1 0.6171875 0.19375 0.0984375 0.1640625
1 0.53046875 0.13671875 0.071875 0.08203125
1 0.5328125 0.2140625 0.065625 0.06875
0 0.484375 0.19140625 0.02578125 0.04140625
1 0.4359375 0.1171875 0.11796875 0.0796875
2 0.42109375 0.21640625 0.08359375 0.1140625
2 0.2765625 0.184375 0.0796875 0.07734375
2 0.35078125 0.20390625 0.06015625 0.16640625
0 0.80859375 0.6375 0.05546875 0.0796875
0 0.30625 0.6671875 0.0796875 0.11640625
0 0.33046875 0.81953125 0.08984375 0.04765625
0 0.365625 0.7515625 0.05625 0.05703125
0 0.45546875 0.8609375 0.1515625 0.21171875
0 0.24375 0.4609375 0.06171875 0.03671875