0 0.59296875 0.55546875 0.0625 0.11953125
0 0.52734375 0.475 0.04140625 0.1
0 0.503125 0.39921875 0.05078125 0.07578125
0 0.5671875 0.37109375 0.03984375 0.04921875
0 0.34296875 0.64375 0.103125 0.1046875
0 0.3703125 0.79765625 0.10546875 0.0953125
0 0.4453125 0.80859375 0.0484375 0.0828125
0 0.49140625 0.75234375 0.0671875 0.13671875
0 0.69140625 0.9421875 0.1265625 0.115625
0 0.76953125 0.83359375 0.084375 0.11953125
0 0.73671875 0.50703125 0.06015625 0.11484375
0 0.78984375 0.596875 0.03828125 0.090625
0 0.81953125 0.5703125 0.0359375 0.090625
0 0.78125 0.49921875 0.0375 0.1
1 0.81484375 0.2390625 0.0515625 0.24921875
1 0.87265625 0.26953125 0.059375 0.221875
1 0.69296875 0.234375 0.0515625 0.20546875
1 0.63046875 0.26875 0.06953125 0.0828125
0 0.66953125 0.51171875 0.0703125 0.11953125
0 0.61171875 0.43828125 0.04296875 0.11015625
0 0.56796875 0.446875 0.0359375 0.0734375
0 0.48359375 0.515625 0.0484375 0.09765625
0 0.4265625 0.57734375 0.059375 0.1
0 0.425 0.69453125 0.0671875 0.11484375
0 0.7015625 0.76328125 0.0515625 0.12421875
0 0.571875 0.9390625 0.103125 0.121875
0 0.60078125 0.7328125 0.1453125 0.1171875
0 0.33671875 0.9046875 0.0734375 0.1