0 0.71015625 0.90625 0.16953125 0.14765625
0 0.96796875 0.86171875 0.0484375 0.0890625
0 0.66015625 0.434375 0.11640625 0.14921875
1 0.35078125 0.265625 0.08828125 0.07734375
2 0.340625 0.3890625 0.35390625 0.096875
0 0.46328125 0.4453125 0.078125 0.096875
2 0.5765625 0.671875 0.3515625 0.30390625
2 0.4671875 0.8765625 0.2984375 0.09140625
0 0.84296875 0.62734375 0.1671875 0.30859375
0 0.28046875 0.48203125 0.28125 0.0765625
0 0.26953125 0.60625 0.24296875 0.153125
2 0.27578125 0.7609375 0.24609375 0.14140625
0 0.62890625 0.30859375 0.05078125 0.0734375
0 0.71640625 0.32421875 0.0984375 0.0765625
0 0.77578125 0.421875 0.10546875 0.096875
2 0.4609375 0.25390625 0.125 0.1515625
2 0.26328125 0.2859375 0.0796875 0.078125