1 0.33984375 0.265625 0.05859375 0.1234375
1 0.3625 0.44765625 0.046875 0.2234375
1 0.31640625 0.446875 0.04453125 0.221875
1 0.28671875 0.48359375 0.0140625 0.1140625
1 0.39921875 0.415625 0.02578125 0.15390625
0 0.3890625 0.278125 0.03515625 0.059375
1 0.3953125 0.321875 0.04765625 0.0265625
1 0.43203125 0.37890625 0.040625 0.08359375
1 0.4484375 0.31015625 0.0578125 0.059375
1 0.41328125 0.2875 0.0078125 0.0390625
0 0.46796875 0.371875 0.03046875 0.065625
0 0.65625 0.56796875 0.0265625 0.05859375
0 0.6578125 0.51796875 0.03046875 0.053125
0 0.63359375 0.49453125 0.01875 0.0390625
0 0.690625 0.55 0.0328125 0.05859375
2 0.4328125 0.596875 0.0828125 0.140625
2 0.46640625 0.48671875 0.0953125 0.090625
2 0.5234375 0.415625 0.06328125 0.05390625
2 0.55859375 0.48828125 0.0875 0.09296875
0 0.203125 0.43515625 0.034375 0.09296875
2 0.5234375 0.62109375 0.10078125 0.175
2 0.60859375 0.628125 0.06640625 0.18359375
2 0.6875 0.65625 0.0921875 0.109375
0 0.7328125 0.54453125 0.03984375 0.05859375