0 0.84609375 0.4875 0.1671875 0.08984375
0 0.11875 0.4703125 0.1625 0.1203125
0 0.1375 0.6015625 0.275 0.14765625
0 0.50234375 0.41640625 0.06484375 0.0734375
0 0.58125 0.43046875 0.0921875 0.03359375
0 0.709375 0.44921875 0.06875 0.06015625
0 0.70625 0.5140625 0.15703125 0.05859375
0 0.27109375 0.33203125 0.11796875 0.071875
0 0.18359375 0.321875 0.09765625 0.0921875
0 0.0515625 0.2546875 0.103125 0.05
0 0.09296875 0.29296875 0.08359375 0.05546875
0 0.16171875 0.36953125 0.17265625 0.11640625
0 0.0390625 0.35078125 0.075 0.07578125
0 0.0203125 0.446875 0.040625 0.0625
2 0.73515625 0.30859375 0.2734375 0.1296875
2 0.4703125 0.325 0.26640625 0.11171875
2 0.334375 0.453125 0.27890625 0.16796875
2 0.5671875 0.49765625 0.184375 0.0875
2 0.65078125 0.690625 0.35390625 0.29609375
2 0.37265625 0.6265625 0.19140625 0.171875
2 0.24140625 0.8375 0.4796875 0.325
2 0.5984375 0.91796875 0.228125 0.1640625