2 0.4859375 0.43046875 0.1640625 0.1
2 0.83046875 0.4078125 0.1984375 0.16015625
2 0.64765625 0.4140625 0.16015625 0.1578125
2 0.965625 0.41953125 0.06796875 0.1421875
2 0.86328125 0.58515625 0.2734375 0.19375
2 0.64453125 0.59453125 0.16015625 0.19765625
2 0.8640625 0.840625 0.271875 0.31796875
2 0.65078125 0.846875 0.16875 0.30625
2 0.48125 0.5890625 0.165625 0.21484375
2 0.48125 0.8484375 0.165625 0.30234375
2 0.19765625 0.91484375 0.3953125 0.165625
2 0.28046875 0.6390625 0.12265625 0.09296875
2 0.30625 0.75859375 0.17109375 0.14609375
2 0.109375 0.7109375 0.215625 0.234375
2 0.371875 0.603125 0.06015625 0.16015625
2 0.35625 0.46328125 0.07421875 0.121875
2 0.26015625 0.478125 0.11015625 0.0890625
2 0.26640625 0.55859375 0.15 0.065625
2 0.09296875 0.54765625 0.1828125 0.0890625