0 0.83828125 0.9171875 0.08828125 0.10546875
0 0.896875 0.8734375 0.046875 0.10859375
0 0.8859375 0.96328125 0.040625 0.0734375
0 0.884375 0.64140625 0.084375 0.090625
0 0.8546875 0.55703125 0.0703125 0.0765625
0 0.921875 0.54296875 0.06171875 0.06328125
0 0.71328125 0.57265625 0.059375 0.0734375
0 0.85078125 0.71171875 0.07109375 0.08515625
0 0.7765625 0.6296875 0.06015625 0.1
0 0.81875 0.67265625 0.053125 0.04375
0 0.71953125 0.65 0.0921875 0.0953125
0 0.67109375 0.66171875 0.040625 0.05390625
0 0.62890625 0.6296875 0.0640625 0.08515625
0 0.671875 0.60625 0.02734375 0.04140625
0 0.546875 0.56640625 0.078125 0.07734375
0 0.54453125 0.696875 0.078125 0.08359375
0 0.440625 0.8171875 0.15859375 0.08046875
0 0.43984375 0.5625 0.065625 0.05
0 0.29375 0.6625 0.0625 0.06484375
0 0.44375 0.7 0.05703125 0.06015625
0 0.48984375 0.72578125 0.0265625 0.0453125
0 0.4203125 0.5125 0.04296875 0.04140625
0 0.4921875 0.546875 0.0328125 0.0515625
0 0.33828125 0.61640625 0.05703125 0.0953125
0 0.39140625 0.49296875 0.0484375 0.0515625
0 0.375 0.53125 0.0546875 0.05703125
2 0.325 0.5515625 0.04140625 0.0421875
0 0.29140625 0.5234375 0.06171875 0.046875
0 0.28359375 0.5984375 0.0546875 0.06875
0 0.146875 0.51015625 0.046875 0.04140625
2 0.215625 0.53828125 0.08828125 0.07734375
2 0.5671875 0.4953125 0.146875 0.0703125
2 0.43359375 0.484375 0.11796875 0.07734375
2 0.48671875 0.43203125 0.1453125 0.053125
0 0.628125 0.56328125 0.040625 0.0421875
0 0.38125 0.73515625 0.0765625 0.08203125