0 0.2703125 0.5078125 0.03828125 0.0375
0 0.4109375 0.5171875 0.0796875 0.07890625
0 0.44296875 0.4390625 0.053125 0.0703125
2 0.23828125 0.4515625 0.13046875 0.046875
0 0.2828125 0.4078125 0.06875 0.04296875
0 0.2203125 0.421875 0.03828125 0.01484375
2 0.48828125 0.65625 0.09609375 0.19375
2 0.578125 0.6640625 0.08359375 0.146875
2 0.403125 0.6984375 0.078125 0.28515625
0 0.3359375 0.47265625 0.04140625 0.03203125
2 0.25234375 0.67890625 0.12734375 0.09921875
2 0.24296875 0.55234375 0.07421875 0.15078125
2 0.15859375 0.59140625 0.09765625 0.059375
2 0.184375 0.540625 0.04140625 0.04453125
2 0.14375 0.63828125 0.0875 0.034375
2 0.490625 0.475 0.04609375 0.04453125
2 0.3625 0.415625 0.0765625 0.07734375