0 0.4390625 0.85 0.18671875 0.11796875
0 0.79140625 0.771875 0.1171875 0.04921875
0 0.19921875 0.7046875 0.1171875 0.03828125
0 0.37578125 0.73046875 0.08515625 0.021875
0 0.20546875 0.778125 0.278125 0.08203125
0 0.403125 0.7625 0.08671875 0.03671875
0 0.37421875 0.63515625 0.06328125 0.03046875
0 0.303125 0.62578125 0.06953125 0.02890625
0 0.26015625 0.66171875 0.146875 0.03671875
0 0.18828125 0.61640625 0.1546875 0.046875
0 0.88046875 0.628125 0.08828125 0.03046875
0 0.84375 0.515625 0.1515625 0.046875
0 0.953125 0.6203125 0.05390625 0.034375
0 0.8609375 0.59140625 0.1234375 0.040625
0 0.9625 0.571875 0.07265625 0.0609375
0 0.72890625 0.5375 0.096875 0.03671875
0 0.7265625 0.509375 0.08359375 0.01484375
0 0.64609375 0.5484375 0.06953125 0.0234375
0 0.40546875 0.58125 0.08203125 0.02578125
0 0.50546875 0.621875 0.1 0.04609375
0 0.3796875 0.54765625 0.1328125 0.03828125
0 0.2765625 0.58046875 0.16640625 0.02421875
0 0.50078125 0.571875 0.10625 0.05
0 0.35703125 0.3078125 0.06328125 0.0171875
2 0.3984375 0.34140625 0.1046875 0.04921875
2 0.31015625 0.34296875 0.06796875 0.05078125
2 0.23515625 0.3546875 0.07578125 0.03515625
2 0.3078125 0.384375 0.07578125 0.03359375
2 0.4515625 0.390625 0.21484375 0.046875
2 0.234375 0.38671875 0.07421875 0.02890625
2 0.26875 0.42890625 0.1453125 0.05390625
2 0.15546875 0.403125 0.08203125 0.09453125
2 0.49375 0.3484375 0.08984375 0.03671875
0 0.0546875 0.43203125 0.09140625 0.01640625
2 0.4046875 0.43828125 0.1171875 0.046875
2 0.525 0.43515625 0.1234375 0.04765625
2 0.59765625 0.38984375 0.07265625 0.04296875
2 0.69453125 0.3984375 0.1203125 0.02734375
2 0.7046875 0.4375 0.2328125 0.05390625
2 0.68203125 0.48203125 0.16953125 0.034375
2 0.82109375 0.478125 0.0953125 0.0265625
2 0.528125 0.4765625 0.1328125 0.03125
2 0.271875 0.465625 0.1296875 0.02421875
1 0.35390625 0.50078125 0.21484375 0.05
2 0.5296875 0.52109375 0.1328125 0.05390625
2 0.63984375 0.51953125 0.08203125 0.0375
0 0.68984375 0.64921875 0.16953125 0.0984375
0 0.43515625 0.653125 0.05234375 0.0296875
0 0.48203125 0.678125 0.1125 0.02890625
0 0.53125 0.715625 0.1328125 0.05
0 0.70703125 0.721875 0.21640625 0.04609375
0 0.80859375 0.64921875 0.06484375 0.07421875
0 0.9203125 0.68203125 0.159375 0.07421875
0 0.40234375 0.60703125 0.10625 0.02265625
0 0.70390625 0.578125 0.17578125 0.034375
0 0.5828125 0.571875 0.05703125 0.04140625
0 0.584375 0.6328125 0.04453125 0.08125