0 0.53046875 0.478125 0.0578125 0.05859375
0 0.375 0.42578125 0.08046875 0.0515625
0 0.25859375 0.49375 0.04453125 0.05390625
0 0.3796875 0.51796875 0.0484375 0.0515625
0 0.4265625 0.46171875 0.0421875 0.06171875
0 0.384375 0.4765625 0.03828125 0.04140625
0 0.3453125 0.4796875 0.040625 0.06171875
0 0.3046875 0.49140625 0.03671875 0.115625
0 0.2078125 0.42578125 0.06171875 0.0875
0 0.41640625 0.62578125 0.1015625 0.1640625
0 0.565625 0.7078125 0.18046875 0.22578125
0 0.296875 0.59765625 0.13671875 0.1234375
0 0.20546875 0.51640625 0.05390625 0.11015625
0 0.1375 0.465625 0.1015625 0.06953125
0 0.134375 0.565625 0.084375 0.115625