0 0.66328125 0.83359375 0.17109375 0.1234375
2 0.7671875 0.60390625 0.4546875 0.33046875
2 0.46171875 0.5296875 0.14375 0.1765625
2 0.37109375 0.69453125 0.33828125 0.1484375
2 0.58828125 0.3796875 0.403125 0.11796875
2 0.490625 0.27421875 0.33828125 0.0875
2 0.2359375 0.3625 0.15703125 0.24375
2 0.35078125 0.46640625 0.07890625 0.29765625
2 0.075 0.45 0.15 0.29453125
0 0.634375 0.09921875 0.09609375 0.0421875
0 0.79375 0.1796875 0.128125 0.0875
0 0.7015625 0.175 0.06015625 0.05234375
2 0.5296875 0.19296875 0.26015625 0.07578125