2 0.790625 0.44765625 0.32265625 0.58671875
0 0.76015625 0.06875 0.1234375 0.13671875
0 0.89296875 0.09765625 0.07265625 0.109375
0 0.24375 0.4609375 0.1796875 0.21484375
0 0.12734375 0.62890625 0.05390625 0.228125
1 0.05078125 0.58828125 0.0953125 0.37265625
1 0.125 0.4390625 0.05234375 0.14609375
0 0.21796875 0.6484375 0.12421875 0.15390625
1 0.4078125 0.66328125 0.246875 0.171875
1 0.44921875 0.51015625 0.2234375 0.14375
2 0.4828125 0.29609375 0.2890625 0.29140625
2 0.59609375 0.5890625 0.065625 0.2796875
2 0.54765625 0.66484375 0.0265625 0.159375
1 0.24609375 0.8453125 0.0375 0.09140625
1 0.61015625 0.7875 0.08828125 0.0875
1 0.97734375 0.20546875 0.0453125 0.40078125