0 0.17109375 0.728125 0.071875 0.075
0 0.57421875 0.2359375 0.078125 0.05703125
0 0.42578125 0.671875 0.09453125 0.0734375
0 0.33359375 0.66953125 0.0796875 0.05703125
0 0.57265625 0.40859375 0.08828125 0.03984375
0 0.65703125 0.56875 0.06015625 0.05546875
0 0.484375 0.35078125 0.07578125 0.0390625
2 0.46328125 0.47578125 0.10234375 0.0765625
1 0.73046875 0.83984375 0.2203125 0.3203125
1 0.40390625 0.271875 0.21796875 0.1453125
1 0.3359375 0.15078125 0.059375 0.096875
1 0.4625 0.13046875 0.184375 0.0421875
1 0.54921875 0.83515625 0.14375 0.32890625
1 0.43046875 0.89765625 0.09140625 0.20390625
0 0.52890625 0.08828125 0.0546875 0.0421875
0 0.47734375 0.09296875 0.034375 0.0296875
0 0.38671875 0.10078125 0.046875 0.034375
2 0.52734375 0.165625 0.09609375 0.06953125
2 0.61484375 0.31796875 0.10625 0.075
2 0.58359375 0.55 0.08203125 0.07265625
2 0.59921875 0.47578125 0.1734375 0.10234375
2 0.6640625 0.44375 0.09765625 0.08046875
2 0.634375 0.3625 0.1421875 0.0828125
2 0.41796875 0.3578125 0.0765625 0.053125
2 0.5 0.403125 0.0578125 0.0578125
2 0.4609375 0.5375 0.1609375 0.04296875
2 0.3828125 0.48046875 0.034375 0.03984375
1 0.3125 0.3890625 0.04296875 0.02421875
1 0.40625 0.39609375 0.09453125 0.03515625
0 0.71875 0.6203125 0.084375 0.06640625
1 0.646875 0.6359375 0.15625 0.084375
2 0.42109375 0.1765625 0.1015625 0.04140625