0 0.7765625 0.56484375 0.07578125 0.021875
0 0.8609375 0.63828125 0.04609375 0.02890625
2 0.540625 0.4125 0.0328125 0.084375
2 0.4203125 0.37109375 0.03984375 0.034375
0 0.41953125 0.66328125 0.0140625 0.0328125
0 0.178125 0.62265625 0.01328125 0.02890625
0 0.25625 0.60703125 0.01484375 0.01015625
0 0.2734375 0.63125 0.0125 0.01484375
0 0.7921875 0.684375 0.01328125 0.0296875
0 0.78203125 0.7609375 0.0140625 0.02734375
0 0.9390625 0.87734375 0.078125 0.09765625
0 0.5734375 0.75234375 0.015625 0.0234375
0 0.66484375 0.809375 0.0328125 0.03046875
0 0.68203125 0.77421875 0.025 0.03828125