0 0.08828125 0.60625 0.17265625 0.15625
1 0.32109375 0.53984375 0.2734375 0.0828125
0 0.303125 0.6171875 0.078125 0.07109375
1 0.15390625 0.78515625 0.29921875 0.18203125
1 0.63984375 0.78515625 0.3453125 0.42890625
1 0.3875 0.8265625 0.15390625 0.31484375
1 0.4046875 0.6265625 0.11875 0.07734375
0 0.39609375 0.63203125 0.0390625 0.04921875
0 0.21875 0.63671875 0.0765625 0.0984375
0 0.88046875 0.70390625 0.07421875 0.0875
0 0.94765625 0.7640625 0.09140625 0.05546875
0 0.6421875 0.74921875 0.1 0.0859375
0 0.68515625 0.65625 0.0734375 0.053125
0 0.7484375 0.88828125 0.19765625 0.14140625
1 0.92890625 0.9046875 0.1421875 0.190625