2 0.8890625 0.8609375 0.22109375 0.27578125
2 0.68203125 0.85390625 0.2078125 0.2546875
2 0.4234375 0.48203125 0.08046875 0.08515625
2 0.5171875 0.4171875 0.05 0.0515625
2 0.459375 0.43203125 0.05703125 0.04921875
1 0.615625 0.6546875 0.1625 0.14453125
1 0.503125 0.6859375 0.1125 0.1765625
1 0.41015625 0.74296875 0.0328125 0.19375
1 0.44140625 0.72421875 0.05078125 0.1765625
0 0.5046875 0.83828125 0.1140625 0.1203125
1 0.33203125 0.57109375 0.06484375 0.16015625
1 0.29453125 0.56953125 0.025 0.07421875
1 0.36328125 0.4984375 0.03515625 0.06171875
1 0.37890625 0.45703125 0.0203125 0.03984375
1 0.39609375 0.44765625 0.0265625 0.021875
0 0.35234375 0.590625 0.02421875 0.0296875
2 0.8421875 0.6890625 0.27421875 0.05
2 0.77890625 0.61015625 0.15390625 0.0921875
2 0.859375 0.62734375 0.11328125 0.0796875
2 0.6640625 0.52421875 0.2015625 0.1078125
2 0.77265625 0.53125 0.0984375 0.0828125
2 0.51484375 0.51875 0.09453125 0.11953125
2 0.4578125 0.56328125 0.14765625 0.065625
2 0.40625 0.59375 0.06953125 0.11953125
2 0.3484375 0.71328125 0.084375 0.11796875
2 0.29609375 0.76328125 0.03046875 0.121875
2 0.2609375 0.75859375 0.10390625 0.11015625
2 0.18828125 0.5640625 0.18828125 0.1046875