2 0.75546875 0.6078125 0.08046875 0.0328125
2 0.72578125 0.5625 0.046875 0.0734375
2 0.76171875 0.575 0.04921875 0.04140625
2 0.67890625 0.625 0.0515625 0.20078125
2 0.7203125 0.6421875 0.0484375 0.11640625
2 0.759375 0.63046875 0.03046875 0.0421875
2 0.61875 0.63046875 0.06796875 0.21328125
2 0.3828125 0.6765625 0.07109375 0.23359375
0 0.475 0.7796875 0.01953125 0.0203125
2 0.43828125 0.6703125 0.04921875 0.203125
2 0.5234375 0.6546875 0.1265625 0.196875
2 0.44609375 0.55 0.121875 0.065625
2 0.54609375 0.5484375 0.08828125 0.046875
2 0.3203125 0.665625 0.0578125 0.2328125
2 0.26953125 0.69296875 0.0484375 0.159375
2 0.278125 0.58046875 0.03359375 0.08515625
2 0.2546875 0.56796875 0.034375 0.0359375