2 0.50078125 0.8328125 0.9984375 0.334375
2 0.52109375 0.6515625 0.9421875 0.0921875
2 0.51953125 0.578125 0.83203125 0.146875
2 0.959375 0.60078125 0.0703125 0.1078125
2 0.5140625 0.51015625 0.80234375 0.04921875
2 0.49921875 0.4453125 0.59140625 0.1078125
2 0.34140625 0.3875 0.165625 0.0390625
2 0.33515625 0.3578125 0.071875 0.0421875
2 0.46796875 0.3875 0.1109375 0.03203125
2 0.690625 0.37890625 0.13515625 0.02421875
2 0.690625 0.36328125 0.096875 0.01484375
2 0.6765625 0.35078125 0.034375 0.01484375