2 0.59765625 0.9015625 0.10546875 0.184375
2 0.77734375 0.87578125 0.24453125 0.18359375
2 0.90234375 0.81640625 0.19453125 0.10078125
2 0.5109375 0.871875 0.1109375 0.10625
2 0.53046875 0.7953125 0.3421875 0.08984375
2 0.55078125 0.65390625 0.4265625 0.1265625
2 0.64765625 0.73203125 0.4171875 0.08125
2 0.75546875 0.778125 0.1453125 0.05
2 0.8671875 0.76171875 0.1796875 0.07109375
2 0.79375 0.69296875 0.1125 0.084375
2 0.86875 0.7109375 0.06640625 0.0578125
2 0.88125 0.73671875 0.07890625 0.0546875
2 0.78828125 0.6296875 0.12109375 0.0734375
2 0.45234375 0.515625 0.09453125 0.20078125
2 0.59453125 0.5265625 0.22109375 0.14765625
2 0.7234375 0.546875 0.08125 0.12109375
2 0.40703125 0.50078125 0.18515625 0.09296875
2 0.26484375 0.5140625 0.02890625 0.02578125
2 0.403125 0.4453125 0.1109375 0.03671875
2 0.53046875 0.45390625 0.07734375 0.0375