2 0.58359375 0.7125 0.3359375 0.5734375
2 0.65 0.10703125 0.128125 0.1484375
2 0.83125 0.09765625 0.1265625 0.1234375
2 0.925 0.14140625 0.15 0.125
2 0.71875 0.115625 0.15546875 0.10390625
2 0.5609375 0.109375 0.14296875 0.1015625
2 0.4171875 0.1625 0.053125 0.0578125
2 0.49765625 0.1328125 0.04921875 0.0875
0 0.5140625 0.1515625 0.06796875 0.06640625
0 0.58359375 0.11171875 0.02578125 0.03046875
0 0.86796875 0.1453125 0.04609375 0.05859375
0 0.87578125 0.16328125 0.02890625 0.0171875
0 0.840625 0.12734375 0.021875 0.02421875
0 0.978125 0.1796875 0.03984375 0.0296875
0 0.90078125 0.0171875 0.01796875 0.02109375
0 0.68203125 0.23515625 0.0203125 0.0171875
0 0.96875 0.39140625 0.0625 0.0453125
2 0.80625 0.8640625 0.18515625 0.26171875
2 0.9015625 0.940625 0.09921875 0.11484375
2 0.43515625 0.76015625 0.15625 0.21484375
2 0.44765625 0.53671875 0.12890625 0.13828125
2 0.63671875 0.40625 0.27421875 0.15234375
2 0.76953125 0.59921875 0.11171875 0.29921875
2 0.421875 0.95546875 0.19375 0.08671875