0 0.490625 0.90546875 0.08828125 0.175
0 0.42109375 0.69453125 0.09765625 0.11171875
0 0.578125 0.6828125 0.0484375 0.1078125
0 0.453125 0.728125 0.05859375 0.11875
0 0.78046875 0.53359375 0.05625 0.07890625
0 0.77734375 0.6046875 0.040625 0.08046875
0 0.7171875 0.59375 0.07421875 0.08828125
0 0.27890625 0.2546875 0.0375 0.0515625
1 0.41484375 0.15859375 0.07421875 0.07421875
2 0.4015625 0.26640625 0.07890625 0.19921875
2 0.4796875 0.334375 0.08203125 0.28203125
2 0.53359375 0.35859375 0.040625 0.31796875
2 0.4765625 0.55390625 0.16796875 0.13515625
2 0.55546875 0.4875 0.24296875 0.0890625
2 0.6140625 0.5765625 0.15703125 0.16171875
2 0.54296875 0.6140625 0.26875 0.1609375
2 0.678125 0.66328125 0.11171875 0.10234375
2 0.71796875 0.44140625 0.08984375 0.225
2 0.775 0.4421875 0.08046875 0.1796875
2 0.60859375 0.36796875 0.1421875 0.14765625
2 0.55625 0.27421875 0.06015625 0.14765625
2 0.6078125 0.28359375 0.05 0.02578125
2 0.690625 0.3078125 0.03671875 0.07265625
2 0.728125 0.31953125 0.053125 0.07265625
2 0.2953125 0.52421875 0.1609375 0.17421875
2 0.33359375 0.44453125 0.16953125 0.12421875
2 0.384375 0.51875 0.09140625 0.1703125
2 0.32109375 0.30625 0.14921875 0.09453125
2 0.33046875 0.3671875 0.13046875 0.1140625
2 0.35390625 0.28203125 0.109375 0.11484375
2 0.3578125 0.23515625 0.06875 0.071875
2 0.3796875 0.1828125 0.0453125 0.0421875
2 0.42109375 0.3953125 0.07578125 0.1375