0 0.1390625 0.91171875 0.27734375 0.1765625
0 0.2734375 0.5734375 0.15078125 0.17578125
0 0.39921875 0.565625 0.090625 0.0734375
0 0.46171875 0.5640625 0.03359375 0.04140625
0 0.4953125 0.54375 0.04296875 0.0484375
0 0.69140625 0.559375 0.11171875 0.03515625
0 0.64375 0.54296875 0.02734375 0.03359375
2 0.5 0.8640625 0.99921875 0.26953125
2 0.43203125 0.72734375 0.8609375 0.0921875
2 0.453125 0.67421875 0.67265625 0.1515625
2 0.7703125 0.71328125 0.13046875 0.12421875
2 0.5453125 0.59375 0.328125 0.09453125
2 0.73203125 0.596875 0.09296875 0.05546875