2 0.54375 0.72734375 0.203125 0.54296875
2 0.5375 0.753125 0.43046875 0.3734375
2 0.68671875 0.9203125 0.1328125 0.15859375
2 0.31171875 0.73359375 0.06015625 0.253125
2 0.27734375 0.7578125 0.1421875 0.17265625
2 0.24140625 0.7703125 0.12890625 0.1234375
2 0.28203125 0.6921875 0.08125 0.109375
2 0.2890625 0.653125 0.0640625 0.0453125
2 0.440625 0.56796875 0.175 0.0796875
2 0.45 0.5140625 0.07890625 0.07421875
2 0.67421875 0.5515625 0.08203125 0.10390625
2 0.71796875 0.58828125 0.078125 0.134375
2 0.78828125 0.71953125 0.090625 0.3640625
2 0.83671875 0.67890625 0.06015625 0.27890625
2 0.8625 0.66171875 0.03828125 0.196875
2 0.89453125 0.64765625 0.05859375 0.1359375
0 0.4234375 0.5296875 0.0734375 0.08828125
0 0.50546875 0.4484375 0.04453125 0.05859375
0 0.1890625 0.75078125 0.0359375 0.0359375
2 0.42265625 0.95234375 0.08671875 0.07109375
1 0.57109375 0.50234375 0.078125 0.0859375
1 0.61953125 0.4828125 0.04609375 0.05703125
1 0.64140625 0.46015625 0.0515625 0.0875
1 0.69296875 0.46328125 0.06796875 0.0890625
1 0.7703125 0.46953125 0.075 0.15703125
1 0.81640625 0.51484375 0.09296875 0.07265625
1 0.85625 0.46796875 0.02734375 0.17734375
1 0.8796875 0.51015625 0.02265625 0.17265625
1 0.8953125 0.53203125 0.04296875 0.1296875
1 0.72890625 0.46796875 0.0203125 0.11875
1 0.7109375 0.45625 0.03984375 0.11484375