2 0.58671875 0.7328125 0.82421875 0.53046875
2 0.2046875 0.565625 0.08125 0.584375
2 0.3796875 0.29453125 0.378125 0.2375
2 0.19453125 0.26015625 0.05390625 0.15078125
2 0.37421875 0.184375 0.3390625 0.0578125
2 0.5515625 0.4546875 0.61796875 0.18515625
2 0.84921875 0.46015625 0.05 0.16484375
2 0.87734375 0.471875 0.08515625 0.09453125
2 0.9640625 0.47265625 0.071875 0.06875
2 0.59296875 0.35703125 0.16328125 0.20859375
2 0.69765625 0.31328125 0.06484375 0.14140625
2 0.73984375 0.32421875 0.05703125 0.11015625
2 0.77265625 0.34140625 0.0453125 0.10390625
2 0.8078125 0.35859375 0.0453125 0.0625
2 0.79375 0.325 0.02265625 0.05625
2 0.359375 0.15 0.26796875 0.0390625
2 0.38203125 0.1140625 0.15078125 0.04375
2 0.4140625 0.09296875 0.0828125 0.04296875
2 0.57890625 0.23984375 0.06796875 0.09375
2 0.6140625 0.25078125 0.0265625 0.03828125