2 0.41953125 0.68125 0.1578125 0.6375
2 0.53515625 0.725 0.11640625 0.5
2 0.6171875 0.71328125 0.07109375 0.42265625
2 0.678125 0.71640625 0.0671875 0.36484375
2 0.7203125 0.67578125 0.07421875 0.33203125
2 0.76171875 0.57890625 0.06171875 0.33203125
2 0.78046875 0.45234375 0.046875 0.16640625
2 0.8203125 0.46953125 0.059375 0.15
2 0.3421875 0.75390625 0.0515625 0.4484375
2 0.3078125 0.58671875 0.0640625 0.5984375
2 0.26875 0.553125 0.02890625 0.49453125
2 0.22109375 0.6015625 0.1640625 0.14296875
2 0.2546875 0.4984375 0.0484375 0.19609375
2 0.42734375 0.31953125 0.21796875 0.17265625
2 0.58515625 0.39453125 0.21015625 0.30390625
2 0.70234375 0.41953125 0.05 0.2875
2 0.73828125 0.38359375 0.03671875 0.18515625
2 0.74765625 0.3796875 0.034375 0.06640625
2 0.54765625 0.20625 0.14765625 0.1609375
2 0.4484375 0.234375 0.1484375 0.08359375
2 0.465625 0.1828125 0.08671875 0.07578125