0 0.271875 0.91796875 0.09921875 0.1609375
0 0.5875 0.31484375 0.02578125 0.08203125
2 0.5828125 0.3953125 0.06640625 0.03125
2 0.57421875 0.37421875 0.04921875 0.0203125
2 0.57421875 0.3578125 0.04453125 0.02265625
2 0.56875 0.34375 0.03046875 0.01484375
2 0.5671875 0.3328125 0.015625 0.015625
2 0.3609375 0.81640625 0.13359375 0.14296875
2 0.31171875 0.8171875 0.046875 0.12578125
2 0.28671875 0.828125 0.01796875 0.07109375
2 0.3859375 0.71015625 0.1625 0.1234375
2 0.43125 0.7859375 0.028125 0.08828125
2 0.359375 0.61796875 0.0796875 0.11171875
2 0.37734375 0.55703125 0.0734375 0.06328125
2 0.415625 0.61484375 0.04140625 0.13125
2 0.45703125 0.59296875 0.05625 0.16171875
2 0.484375 0.5140625 0.08046875 0.0703125
2 0.5015625 0.5875 0.053125 0.12265625
2 0.534375 0.62109375 0.02109375 0.06484375
2 0.534375 0.5640625 0.025 0.059375
2 0.47265625 0.471875 0.03515625 0.04375
2 0.5015625 0.4890625 0.046875 0.04609375