0 0.478125 0.69765625 0.03984375 0.10078125
0 0.39140625 0.75546875 0.0328125 0.028125
0 0.4890625 0.809375 0.03203125 0.134375
0 0.58515625 0.75078125 0.05 0.12421875
0 0.6171875 0.70703125 0.03046875 0.03671875
2 0.4890625 0.59765625 0.07734375 0.559375
2 0.61015625 0.9375 0.01328125 0.125
2 0.60859375 0.684375 0.09375 0.3734375
2 0.65390625 0.7328125 0.01953125 0.23359375
2 0.6546875 0.7734375 0.0296875 0.1609375
2 0.6109375 0.90234375 0.02265625 0.15
2 0.6109375 0.87109375 0.06640625 0.078125
2 0.609375 0.9140625 0.05078125 0.059375
2 0.5484375 0.55234375 0.209375 0.190625
2 0.4703125 0.40625 0.18515625 0.02109375
2 0.471875 0.40234375 0.15 0.053125
2 0.478125 0.40703125 0.125 0.08203125
2 0.4859375 0.36640625 0.09921875 0.04296875
2 0.375 0.68515625 0.20546875 0.3796875
2 0.53984375 0.7453125 0.05390625 0.2625
2 0.57421875 0.875 0.021875 0.06015625
2 0.06875 0.89375 0.0296875 0.07578125
2 0.090625 0.86640625 0.02265625 0.08359375
2 0.10859375 0.84140625 0.02109375 0.10703125
2 0.12421875 0.81484375 0.02109375 0.10703125
2 0.203125 0.7875 0.146875 0.12265625
2 0.25859375 0.84375 0.040625 0.04609375
2 0.23828125 0.83984375 0.040625 0.04609375
2 0.25625 0.8640625 0.02265625 0.040625
2 0.25625 0.72109375 0.1234375 0.13828125
2 0.26015625 0.64375 0.0671875 0.184375
2 0.1828125 0.73046875 0.084375 0.08671875
2 0.2015625 0.6796875 0.04921875 0.06875
2 0.21796875 0.64140625 0.0359375 0.06953125
2 0.22734375 0.6171875 0.028125 0.0578125
2 0.39921875 0.48828125 0.14921875 0.05
2 0.40234375 0.453125 0.13046875 0.02890625
2 0.409375 0.44296875 0.0953125 0.05703125
2 0.571875 0.440625 0.08984375 0.034375
2 0.55390625 0.42890625 0.02109375 0.0515625