0 0.9375 0.4265625 0.07109375 0.071875
0 0.9328125 0.478125 0.07109375 0.04609375
0 0.8015625 0.22109375 0.05703125 0.0375
0 0.65 0.08359375 0.04453125 0.04375
0 0.6703125 0.06015625 0.02421875 0.03046875
0 0.784375 0.02265625 0.02421875 0.028125
0 0.87421875 0.028125 0.02890625 0.0265625
0 0.49453125 0.06015625 0.03046875 0.01796875
0 0.48359375 0.103125 0.02421875 0.01640625
1 0.8609375 0.12265625 0.20078125 0.15390625
1 0.75546875 0.14609375 0.196875 0.06015625
1 0.79375 0.17421875 0.12265625 0.05859375
1 0.69765625 0.0765625 0.03515625 0.0734375
1 0.7453125 0.09453125 0.08125 0.05390625
1 0.81640625 0.0515625 0.09140625 0.0421875
1 0.90078125 0.2109375 0.1 0.08671875
1 0.96640625 0.234375 0.0671875 0.146875
1 0.9671875 0.11171875 0.065625 0.1796875
1 0.95390625 0.02109375 0.0328125 0.0421875
1 0.90546875 0.04609375 0.03125 0.065625
0 0.92890625 0.359375 0.06640625 0.0578125
0 0.89921875 0.328125 0.05390625 0.04140625
0 0.93515625 0.27421875 0.05390625 0.0625