0 0.43046875 0.58828125 0.05234375 0.1015625
0 0.6078125 0.45859375 0.07578125 0.14140625
0 0.78671875 0.88203125 0.0765625 0.1
0 0.6125 0.9078125 0.06015625 0.09140625
0 0.8578125 0.79453125 0.096875 0.2453125
0 0.953125 0.89453125 0.04921875 0.071875
0 0.740625 0.6578125 0.10078125 0.08359375
0 0.31171875 0.32578125 0.0453125 0.090625
0 0.35390625 0.3015625 0.04375 0.0921875
2 0.46328125 0.5828125 0.15546875 0.57421875
2 0.6234375 0.709375 0.15546875 0.56875
2 0.54375 0.65546875 0.0546875 0.6015625
2 0.50859375 0.88828125 0.09921875 0.2234375
2 0.5375 0.3828125 0.0421875 0.10703125
2 0.8265625 0.8640625 0.346875 0.26875
2 0.74140625 0.6546875 0.15234375 0.290625
2 0.7125 0.5046875 0.0890625 0.13046875
2 0.75625 0.509375 0.0921875 0.103125
2 0.8234375 0.6703125 0.04140625 0.1234375
2 0.36953125 0.43515625 0.08046875 0.34765625
2 0.45625 0.33046875 0.140625 0.1125
2 0.3046875 0.44140625 0.0578125 0.28671875
2 0.2671875 0.34765625 0.05390625 0.375
2 0.29453125 0.25703125 0.046875 0.15078125
2 0.23046875 0.321875 0.0828125 0.13125
2 0.2359375 0.2265625 0.04453125 0.1171875
2 0.2828125 0.1890625 0.0703125 0.10625