0 0.72421875 0.3125 0.14453125 0.04765625
0 0.86796875 0.35390625 0.11796875 0.065625
0 0.3921875 0.6078125 0.3828125 0.22265625
0 0.09453125 0.56015625 0.18671875 0.08984375
0 0.09296875 0.48203125 0.1 0.07421875
0 0.5109375 0.36796875 0.1296875 0.06328125
0 0.38046875 0.153125 0.0875 0.0515625
0 0.19296875 0.28671875 0.08671875 0.04453125
0 0.6859375 0.26875 0.10703125 0.04765625
0 0.78984375 0.278125 0.09375 0.04453125
0 0.61171875 0.2671875 0.05390625 0.034375
0 0.63359375 0.3046875 0.05390625 0.0484375
0 0.24921875 0.396875 0.06796875 0.0359375
2 0.88203125 0.640625 0.234375 0.71484375
2 0.6828125 0.6203125 0.18984375 0.7578125
2 0.51796875 0.59375 0.1953125 0.81171875
2 0.38203125 0.57109375 0.11640625 0.8578125
2 0.63203125 0.23515625 0.1234375 0.07109375
2 0.7578125 0.31640625 0.484375 0.1484375
2 0.11640625 0.4890625 0.2328125 0.296875
2 0.271875 0.3421875 0.165625 0.41875
2 0.18125 0.25625 0.19296875 0.2625
2 0.15546875 0.2234375 0.28359375 0.18671875