2 0.5 0.8796875 1 0.23828125
2 0.5 0.721875 1 0.19375
2 0.5 0.59375 1 0.1140625
2 0.44375 0.5140625 0.846875 0.05
1 0.43984375 0.428125 0.4109375 0.10078125
1 0.459375 0.4875 0.50390625 0.0515625
1 0.3546875 0.31640625 0.19609375 0.178125
1 0.46015625 0.365625 0.12109375 0.109375
1 0.53671875 0.38203125 0.14296875 0.09296875
1 0.2546875 0.2890625 0.08828125 0.08828125
1 0.1859375 0.26796875 0.14140625 0.0421875
1 0.25390625 0.23359375 0.1375 0.05625
1 0.21015625 0.20390625 0.18125 0.046875
0 0.16171875 0.328125 0.14296875 0.04296875
0 0.13984375 0.4203125 0.09765625 0.02890625