2 0.42109375 0.503125 0.0515625 0.525
2 0.51484375 0.51171875 0.1359375 0.52265625
2 0.5953125 0.52578125 0.02578125 0.51953125
2 0.67265625 0.5703125 0.2046875 0.4078125
2 0.59375 0.34921875 0.18046875 0.10390625
2 0.57265625 0.3140625 0.1390625 0.0625
2 0.71484375 0.3578125 0.0875 0.0421875
2 0.6890625 0.33515625 0.06640625 0.03984375
2 0.715625 0.34140625 0.03515625 0.03359375
2 0.68671875 0.31796875 0.03203125 0.0265625
2 0.765625 0.6015625 0.0859375 0.4359375
2 0.75234375 0.39140625 0.09765625 0.04296875
2 0.81015625 0.6046875 0.0328125 0.42421875
2 0.8484375 0.59765625 0.05703125 0.3859375
2 0.82734375 0.4046875 0.0234375 0.015625
2 0.84453125 0.40390625 0.04140625 0.0109375
2 0.8890625 0.58984375 0.04453125 0.35703125
2 0.93046875 0.61875 0.05 0.22109375
2 0.96640625 0.63046875 0.0671875 0.1796875
2 0.9515625 0.534375 0.04609375 0.03828125
2 0.3421875 0.43203125 0.17421875 0.23515625
2 0.38359375 0.32578125 0.08515625 0.0890625
2 0.396875 0.27890625 0.09375 0.0140625
2 0.38984375 0.26875 0.046875 0.0203125
2 0.32265625 0.315625 0.06875 0.021875
2 0.34296875 0.3015625 0.046875 0.0203125
2 0.46875 0.2515625 0.078125 0.01484375
2 0.58046875 0.2625 0.02890625 0.0125
2 0.31875 0.60859375 0.1671875 0.228125
2 0.21171875 0.56484375 0.11015625 0.25
2 0.0859375 0.525 0.171875 0.20390625
2 0.19765625 0.40078125 0.1859375 0.1046875
2 0.2390625 0.346875 0.10390625 0.03125
2 0.1703125 0.34921875 0.0546875 0.01640625
2 0.09453125 0.36796875 0.05 0.034375
2 0.1015625 0.38984375 0.0640625 0.03046875
2 0.23984375 0.328125 0.07265625 0.01796875
2 0.91796875 0.48046875 0.05234375 0.08671875