2 0.5 0.78984375 0.99921875 0.4171875
2 0.00859375 0.56953125 0.01640625 0.0984375
2 0.03046875 0.59609375 0.03671875 0.0984375
2 0.209375 0.57421875 0.15078125 0.0703125
2 0.5921875 0.5125 0.815625 0.15625
2 0.61328125 0.40703125 0.7734375 0.0859375
2 0.63359375 0.409375 0.7328125 0.1296875
2 0.67890625 0.3203125 0.6421875 0.053125
2 0.6890625 0.29453125 0.621875 0.0390625
2 0.4140625 0.265625 0.02890625 0.04453125
2 0.71953125 0.2703125 0.5609375 0.03359375
2 0.72890625 0.24375 0.54140625 0.02421875
2 0.74296875 0.21640625 0.51328125 0.028125
2 0.76328125 0.1953125 0.4734375 0.034375
2 0.79609375 0.1625 0.4078125 0.02578125
2 0.65 0.14609375 0.103125 0.01953125
2 0.8046875 0.1484375 0.04609375 0.028125
2 0.90625 0.140625 0.15546875 0.03046875
2 0.8796875 0.12109375 0.06875 0.03125
2 0.8921875 0.0984375 0.0375 0.03125
2 0.95546875 0.121875 0.03671875 0.02421875