0 0.21171875 0.50625 0.0515625 0.08515625
0 0.3453125 0.50625 0.0921875 0.08203125
0 0.6953125 0.69296875 0.065625 0.11796875
0 0.43203125 0.7390625 0.0671875 0.15859375
0 0.7859375 0.8125 0.0921875 0.2015625
2 0.2796875 0.64140625 0.22578125 0.1671875
2 0.33125 0.8015625 0.13125 0.13203125
2 0.490625 0.58828125 0.17734375 0.13828125
2 0.56796875 0.74296875 0.18984375 0.1515625
2 0.6171875 0.58515625 0.06875 0.1515625
0 0.43671875 0.390625 0.221875 0.16484375
2 0.6609375 0.4234375 0.215625 0.23203125