2 0.23046875 0.67890625 0.2609375 0.2859375
0 0.39453125 0.61171875 0.10859375 0.0859375
2 0.63125 0.69765625 0.3578125 0.4265625
2 0.9125 0.765625 0.175 0.27421875
2 0.403125 0.76796875 0.08984375 0.20234375
0 0.58046875 0.80859375 0.1765625 0.12265625
0 0.28046875 0.759375 0.14609375 0.11484375
0 0.140625 0.7390625 0.07421875 0.10703125
0 0.18828125 0.58515625 0.15234375 0.08671875
0 0.690625 0.61640625 0.05859375 0.06328125
0 0.8546875 0.65390625 0.05390625 0.0765625
1 0.75546875 0.85546875 0.1359375 0.1265625