0 0.4078125 0.6359375 0.1078125 0.12265625
2 0.28359375 0.8453125 0.178125 0.21796875
0 0.19296875 0.45078125 0.040625 0.0390625
2 0.38515625 0.43984375 0.33984375 0.16015625
0 0.2875 0.659375 0.13125 0.14375
2 0.19609375 0.59140625 0.05390625 0.05078125
2 0.28671875 0.55234375 0.128125 0.06953125
2 0.45859375 0.55078125 0.20703125 0.0515625
2 0.69140625 0.58359375 0.26484375 0.23203125
2 0.51015625 0.640625 0.090625 0.11796875
2 0.61640625 0.8515625 0.47421875 0.2921875
2 0.9109375 0.628125 0.1671875 0.13984375
0 0.85546875 0.615625 0.03203125 0.053125
0 0.9109375 0.6140625 0.03515625 0.040625
2 0.92734375 0.84765625 0.13828125 0.2828125
0 0.30703125 0.46640625 0.03359375 0.05078125