2 0.36640625 0.71484375 0.22890625 0.25234375
0 0.41328125 0.51953125 0.0875 0.13046875
0 0.490625 0.46328125 0.0859375 0.04765625
0 0.4796875 0.5484375 0.04609375 0.08203125
0 0.54140625 0.534375 0.06875 0.0796875
0 0.51171875 0.58828125 0.06484375 0.065625
0 0.7203125 0.5421875 0.053125 0.0515625
0 0.52734375 0.7078125 0.10390625 0.115625
0 0.640625 0.80234375 0.10546875 0.09921875
0 0.53671875 0.853125 0.15703125 0.1734375
0 0.334375 0.8703125 0.090625 0.11875
2 0.65859375 0.640625 0.1515625 0.21640625
2 0.6375 0.5015625 0.1171875 0.0609375
2 0.78515625 0.61875 0.09453125 0.084375
2 0.7703125 0.55625 0.0375 0.0390625
0 0.18671875 0.85078125 0.11953125 0.13671875
0 0.665625 0.8984375 0.0796875 0.08828125
0 0.7203125 0.80390625 0.0453125 0.1125