0 0.4015625 0.4640625 0.11875 0.1265625
0 0.434375 0.63984375 0.0890625 0.090625
0 0.5296875 0.6703125 0.075 0.0796875
0 0.56640625 0.36796875 0.24375 0.259375
0 0.321875 0.1640625 0.109375 0.1125
0 0.35546875 0.7078125 0.0921875 0.096875
0 0.465625 0.83984375 0.0640625 0.0640625
0 0.53515625 0.81875 0.0796875 0.084375
0 0.4140625 0.809375 0.046875 0.05
0 0.44453125 0.7953125 0.0390625 0.040625
0 0.571875 0.55234375 0.1078125 0.115625
2 0.42109375 0.54609375 0.1984375 0.2140625
2 0.42109375 0.72890625 0.1015625 0.1
2 0.55625 0.71328125 0.1984375 0.2234375
2 0.48984375 0.65234375 0.1171875 0.128125
2 0.4765625 0.7375 0.0921875 0.096875
2 0.3765625 0.77734375 0.0921875 0.0921875
2 0.49609375 0.5546875 0.115625 0.1234375
2 0.58203125 0.47109375 0.1078125 0.1203125
2 0.571875 0.7140625 0.103125 0.103125
2 0.4796875 0.3078125 0.203125 0.221875