2 0.2140625 0.67421875 0.0828125 0.04609375
2 0.2359375 0.6265625 0.07890625 0.0390625
2 0.240625 0.5921875 0.0828125 0.02890625
2 0.34375 0.61875 0.04453125 0.05703125
2 0.2921875 0.62734375 0.0296875 0.04609375
2 0.3015625 0.590625 0.04140625 0.0359375
2 0.303125 0.553125 0.0390625 0.0390625
2 0.24609375 0.55390625 0.06875 0.04453125
2 0.35703125 0.565625 0.06484375 0.040625
2 0.37734375 0.61015625 0.01796875 0.0484375
2 0.30859375 0.515625 0.06640625 0.0359375
2 0.3734375 0.53359375 0.0625 0.02265625
2 0.38359375 0.50703125 0.05859375 0.0296875
2 0.40390625 0.47421875 0.07109375 0.0375
2 0.4140625 0.56953125 0.0484375 0.04453125
2 0.421875 0.53359375 0.0359375 0.02265625
2 0.43828125 0.509375 0.05 0.0265625
2 0.45234375 0.55859375 0.025 0.07265625
2 0.46015625 0.47421875 0.04140625 0.03984375
2 0.4859375 0.51015625 0.04453125 0.02890625
2 0.48671875 0.54609375 0.0453125 0.04375
2 0.49453125 0.47578125 0.0265625 0.04140625
0 0.52109375 0.509375 0.025 0.08359375
0 0.54375 0.51796875 0.01875 0.08125
2 0.5828125 0.5078125 0.028125 0.05234375
2 0.62265625 0.503125 0.05 0.0453125
2 0.58359375 0.46171875 0.0296875 0.04296875
2 0.625 0.459375 0.05234375 0.03984375
2 0.5515625 0.42890625 0.03359375 0.02421875
0 0.52109375 0.4515625 0.0203125 0.0390625