0 0.2359375 0.20625 0.07265625 0.0265625
0 0.109375 0.25234375 0.0359375 0.021875
0 0.703125 0.42109375 0.096875 0.021875
1 0.1328125 0.20078125 0.134375 0.01796875
1 0.25546875 0.18515625 0.11171875 0.0140625
1 0.384375 0.17265625 0.140625 0.02421875
2 0.82734375 0.73125 0.3453125 0.1625
2 0.48046875 0.74765625 0.34375 0.19296875
2 0.8265625 0.61484375 0.346875 0.06953125
2 0.48125 0.615625 0.34453125 0.07265625
2 0.82734375 0.55703125 0.3453125 0.0421875
2 0.47109375 0.5578125 0.36484375 0.03984375
2 0.821875 0.5140625 0.33125 0.04296875
2 0.45234375 0.51640625 0.40546875 0.04453125
2 0.75625 0.46640625 0.23515625 0.053125
2 0.43828125 0.47265625 0.40390625 0.03828125
2 0.45078125 0.43515625 0.3703125 0.03515625
2 0.54375 0.384375 0.134375 0.04453125
2 0.3734375 0.37890625 0.20234375 0.065625
2 0.51640625 0.3484375 0.0828125 0.02578125
2 0.34609375 0.3296875 0.2578125 0.03828125
2 0.48984375 0.296875 0.15 0.034375
2 0.3203125 0.29296875 0.20234375 0.03125
2 0.46484375 0.25859375 0.10859375 0.03515625
2 0.315625 0.259375 0.1875 0.03359375
2 0.18984375 0.27578125 0.06015625 0.0671875
2 0.36875 0.2140625 0.16640625 0.03359375
0 0.21953125 0.23046875 0.06328125 0.01953125