0 0.3484375 0.940625 0.04375 0.11796875
0 0.8828125 0.64453125 0.0796875 0.06953125
0 0.46484375 0.2671875 0.0390625 0.0625
0 0.6078125 0.2359375 0.02890625 0.05
0 0.153125 0.58046875 0.03828125 0.06640625
2 0.521875 0.50390625 0.18984375 0.30859375
2 0.6609375 0.540625 0.08515625 0.2875
2 0.66015625 0.321875 0.084375 0.14453125
2 0.72421875 0.478125 0.0421875 0.41640625
2 0.76953125 0.50546875 0.04921875 0.346875
2 0.79453125 0.83984375 0.0984375 0.3203125
2 0.7046875 0.84296875 0.084375 0.3140625
2 0.63984375 0.84296875 0.046875 0.3140625
2 0.4609375 0.8265625 0.06875 0.346875
2 0.53203125 0.83046875 0.07109375 0.3390625
2 0.59296875 0.82890625 0.05 0.34140625
2 0.3984375 0.83046875 0.05234375 0.3390625
2 0.4 0.5046875 0.05546875 0.3125
2 0.55078125 0.3078125 0.13125 0.08203125
2 0.56484375 0.24609375 0.05390625 0.0359375
2 0.42734375 0.328125 0.1140625 0.05
2 0.35078125 0.4609375 0.040625 0.278125
2 0.30078125 0.45546875 0.059375 0.09453125
2 0.35 0.74296875 0.04140625 0.278125
2 0.30546875 0.553125 0.0484375 0.10546875