0 0.8609375 0.65 0.12890625 0.16171875
0 0.66640625 0.94375 0.090625 0.1125
0 0.42421875 0.8921875 0.0828125 0.11796875
0 0.29453125 0.44375 0.065625 0.08203125
0 0.190625 0.38046875 0.04609375 0.05859375
0 0.3140625 0.540625 0.0765625 0.09140625
0 0.1234375 0.6421875 0.078125 0.0765625
0 0.20625 0.51796875 0.07421875 0.0796875
0 0.1984375 0.6125 0.07421875 0.10859375
0 0.38046875 0.4609375 0.09140625 0.0703125
0 0.29296875 0.86484375 0.1671875 0.14765625
0 0.26015625 0.7125 0.096875 0.08984375
0 0.5265625 0.51171875 0.1015625 0.18046875
0 0.4453125 0.546875 0.05703125 0.1015625
0 0.3859375 0.55859375 0.06328125 0.1265625
0 0.4078125 0.725 0.15 0.1375
0 0.54140625 0.68203125 0.11171875 0.14375
0 0.54453125 0.78984375 0.11328125 0.071875
0 0.50625 0.88046875 0.0890625 0.10859375
0 0.5671875 0.9234375 0.0328125 0.06953125
0 0.44921875 0.6265625 0.0640625 0.05
2 0.45 0.44296875 0.04609375 0.1015625
2 0.51171875 0.3828125 0.078125 0.0734375
2 0.571875 0.39140625 0.0375 0.0546875
2 0.70390625 0.44296875 0.06015625 0.04296875
2 0.61875 0.43125 0.0546875 0.0921875
2 0.625 0.50625 0.065625 0.05625
0 0.6234375 0.56875 0.02578125 0.04296875
2 0.740625 0.48359375 0.021875 0.0296875
0 0.31328125 0.6234375 0.07890625 0.06796875