2 0.27890625 0.33359375 0.17421875 0.1375
2 0.40703125 0.2046875 0.1609375 0.11953125
2 0.45078125 0.30625 0.165625 0.0765625
2 0.7640625 0.6234375 0.1984375 0.14140625
2 0.6109375 0.5546875 0.10390625 0.21953125
0 0.83671875 0.26875 0.1109375 0.05546875
0 0.89296875 0.3234375 0.09375 0.0515625
0 0.86015625 0.19453125 0.1125 0.08828125
2 0.11328125 0.3578125 0.1484375 0.21796875
2 0.16171875 0.1140625 0.3234375 0.228125
2 0.62421875 0.2203125 0.2703125 0.1
2 0.26953125 0.73671875 0.5296875 0.5265625
2 0.46171875 0.40859375 0.18828125 0.13203125