2 0.85390625 0.8640625 0.1859375 0.271875
2 0.6921875 0.6984375 0.14296875 0.10859375
2 0.6859375 0.821875 0.0484375 0.15
2 0.56328125 0.64609375 0.03125 0.13046875
2 0.37109375 0.66953125 0.0515625 0.10546875
2 0.31875 0.73671875 0.0546875 0.1265625
2 0.653125 0.609375 0.0859375 0.08203125
2 0.59375 0.615625 0.0296875 0.06953125
2 0.59921875 0.7203125 0.0421875 0.140625
2 0.73515625 0.8765625 0.0515625 0.246875
2 0.6859375 0.94921875 0.0484375 0.1015625
2 0.63984375 0.87734375 0.0421875 0.2453125
2 0.5984375 0.89453125 0.0421875 0.2109375
2 0.56171875 0.8578125 0.03125 0.284375
1 0.73984375 0.55 0.08515625 0.11640625
1 0.653125 0.54140625 0.0890625 0.04453125
1 0.5953125 0.50703125 0.02734375 0.1359375
2 0.10390625 0.75703125 0.1 0.1390625
2 0.15234375 0.66015625 0.1390625 0.05703125
2 0.18828125 0.778125 0.0671875 0.184375
2 0.50546875 0.775 0.07890625 0.24140625
2 0.5171875 0.61640625 0.05859375 0.071875
2 0.97421875 0.8640625 0.0515625 0.271875
2 0.93671875 0.6875 0.1265625 0.078125
2 0.81875 0.6765625 0.1078125 0.096875