0 0.953125 0.4765625 0.05546875 0.0921875
0 0.97734375 0.64140625 0.0453125 0.1421875
0 0.92421875 0.64609375 0.06328125 0.1078125
0 0.8109375 0.4859375 0.0671875 0.07421875
0 0.5359375 0.26953125 0.04453125 0.071875
0 0.55078125 0.34140625 0.10546875 0.071875
0 0.4546875 0.37578125 0.059375 0.04375
0 0.409375 0.33359375 0.05 0.071875
0 0.3609375 0.415625 0.0671875 0.04609375
0 0.68046875 0.584375 0.06953125 0.08203125
2 0.66640625 0.4359375 0.11328125 0.21015625
2 0.75 0.44609375 0.05390625 0.16953125
2 0.55 0.45625 0.1078125 0.1640625
0 0.55859375 0.58828125 0.0328125 0.0640625
2 0.4453125 0.465625 0.09453125 0.14609375
2 0.3453125 0.4921875 0.090625 0.10234375
2 0.25 0.4921875 0.09609375 0.1078125
2 0.46640625 0.60390625 0.1484375 0.12578125
2 0.27421875 0.6140625 0.1171875 0.13046875
0 0.36171875 0.5765625 0.05 0.08203125
2 0.15390625 0.46640625 0.1 0.1125
2 0.13359375 0.59453125 0.15546875 0.15390625
2 0.29921875 0.39765625 0.0546875 0.08671875
0 0.2453125 0.371875 0.053125 0.0671875