0 0.4375 0.35625 0.2 0.23359375
0 0.41484375 0.7359375 0.1609375 0.528125
0 0.29375 0.73359375 0.08671875 0.53203125
0 0.15 0.9265625 0.2 0.146875
0 0.2296875 0.71796875 0.04375 0.26875
0 0.17265625 0.7625 0.07265625 0.16484375
0 0.31171875 0.37578125 0.0484375 0.19453125
0 0.73203125 0.4109375 0.10078125 0.103125
2 0.56875 0.7328125 0.09375 0.440625
2 0.57890625 0.39296875 0.075 0.22421875
2 0.646875 0.371875 0.059375 0.27109375
2 0.6546875 0.65390625 0.07890625 0.28828125
2 0.7515625 0.62421875 0.11171875 0.3078125