2 0.17109375 0.6953125 0.3421875 0.203125
2 0.4203125 0.53984375 0.56171875 0.0984375
2 0.0578125 0.51328125 0.11484375 0.16171875
2 0.1015625 0.39453125 0.203125 0.06953125
2 0.84921875 0.528125 0.290625 0.1828125
2 0.5125 0.440625 0.378125 0.09375
2 0.26015625 0.3890625 0.11484375 0.07109375
2 0.21796875 0.459375 0.2 0.06015625
2 0.409375 0.31484375 0.17265625 0.15546875
2 0.70703125 0.34453125 0.42734375 0.0921875
2 0.61953125 0.26015625 0.246875 0.0796875
2 0.8515625 0.4140625 0.296875 0.0375