2 0.5265625 0.3703125 0.16953125 0.25390625
2 0.38828125 0.40625 0.1078125 0.25390625
2 0.66640625 0.36015625 0.10546875 0.2796875
2 0.79453125 0.15 0.16171875 0.13046875
2 0.67578125 0.19375 0.07890625 0.0640625
2 0.7875 0.3578125 0.1328125 0.2796875
2 0.92734375 0.38359375 0.1453125 0.3171875
2 0.93828125 0.165625 0.1234375 0.1203125
2 0.78828125 0.64453125 0.1265625 0.30546875
2 0.9296875 0.68359375 0.140625 0.284375
2 0.7953125 0.89453125 0.17890625 0.21015625
2 0.94296875 0.91171875 0.11328125 0.1765625
2 0.66171875 0.5859375 0.1078125 0.1875
2 0.5234375 0.63359375 0.16171875 0.26171875
2 0.384375 0.69140625 0.1078125 0.33046875
2 0.2796875 0.65 0.0984375 0.3359375
2 0.1859375 0.721875 0.0828125 0.2125
2 0.27890625 0.91171875 0.1 0.1765625
2 0.38671875 0.9265625 0.115625 0.14609375
2 0.51796875 0.8125 0.1515625 0.0875