0 0.2984375 0.79609375 0.08203125 0.1109375
0 0.87421875 0.203125 0.0484375 0.0890625
2 0.95390625 0.3125 0.0921875 0.146875
2 0.95 0.21328125 0.1 0.06171875
2 0.87578125 0.309375 0.06171875 0.1234375
2 0.81953125 0.20078125 0.05625 0.09375
2 0.81796875 0.31171875 0.05390625 0.125
2 0.74453125 0.190625 0.09609375 0.11796875
2 0.74375 0.29296875 0.0921875 0.090625
2 0.659375 0.19375 0.0734375 0.10078125
2 0.66015625 0.28125 0.07421875 0.0734375
2 0.590625 0.19453125 0.065625 0.09921875
2 0.590625 0.28046875 0.0625 0.06875
2 0.51953125 0.17421875 0.0734375 0.11640625
2 0.521875 0.2625 0.07421875 0.06640625
0 0.546875 0.06875 0.0625 0.08515625
2 0.440625 0.1625 0.08046875 0.184375
2 0.3546875 0.1375 0.09140625 0.196875
2 0.24140625 0.13515625 0.13203125 0.08515625