2 0.95390625 0.878125 0.0921875 0.24375
2 0.69453125 0.77421875 0.165625 0.16953125
2 0.8796875 0.621875 0.1484375 0.18203125
2 0.525 0.83046875 0.1265625 0.215625
2 0.7375 0.21953125 0.13671875 0.1515625
2 0.8140625 0.38828125 0.17109375 0.2078125
2 0.66640625 0.39140625 0.12890625 0.2234375
2 0.58671875 0.20390625 0.165625 0.1515625
2 0.4359375 0.2125 0.1328125 0.1078125
2 0.55 0.39453125 0.09609375 0.24609375
2 0.4296875 0.3875 0.13671875 0.2359375
2 0.65390625 0.60546875 0.3078125 0.18984375
2 0.35546875 0.60546875 0.28046875 0.215625
2 0.29921875 0.3859375 0.125 0.2125
2 0.15390625 0.63984375 0.115625 0.18203125
2 0.3359375 0.8578125 0.24453125 0.284375
2 0.6828125 0.9328125 0.1875 0.134375
2 0.834375 0.7734375 0.1234375 0.16171875
2 0.115625 0.86875 0.175 0.2625