0 0.51171875 0.384375 0.03828125 0.08515625
0 0.49453125 0.290625 0.0484375 0.08828125
0 0.68203125 0.284375 0.0296875 0.11015625
0 0.725 0.31875 0.04921875 0.134375
0 0.46484375 0.5515625 0.065625 0.12734375
0 0.43125 0.703125 0.07578125 0.15625
0 0.45625 0.41015625 0.06484375 0.121875
1 0.33984375 0.6609375 0.10625 0.2515625
1 0.23125 0.66875 0.11796875 0.29765625
1 0.23203125 0.45703125 0.115625 0.12734375
1 0.13046875 0.66796875 0.08046875 0.27109375
1 0.6546875 0.4640625 0.203125 0.16640625
1 0.7828125 0.3078125 0.04921875 0.14140625
1 0.625 0.29453125 0.07265625 0.19765625
1 0.728125 0.19921875 0.05625 0.0953125