1 0.22578125 0.73828125 0.29453125 0.37421875
0 0.95546875 0.2265625 0.08828125 0.14609375
0 0.72109375 0.06171875 0.2234375 0.1125
1 0.1140625 0.178125 0.22109375 0.35625
0 0.52578125 0.2296875 0.190625 0.24375
0 0.76953125 0.2125 0.28046875 0.20546875
0 0.90390625 0.44609375 0.1921875 0.26171875
0 0.71171875 0.38046875 0.18828125 0.1359375
2 0.71328125 0.6640625 0.18046875 0.41015625
2 0.2890625 0.4421875 0.28671875 0.15625
2 0.55546875 0.55390625 0.13046875 0.20546875
0 0.55390625 0.75546875 0.1421875 0.20234375