1 0.5546875 0.8484375 0.14375 0.190625
1 0.528125 0.6796875 0.08984375 0.14765625
1 0.4421875 0.678125 0.0796875 0.15078125
1 0.4421875 0.8375 0.078125 0.17265625
1 0.353125 0.6796875 0.0953125 0.1359375
1 0.35859375 0.82109375 0.08359375 0.14140625
0 0.690625 0.6859375 0.09765625 0.0859375
2 0.51328125 0.553125 0.11015625 0.103125
1 0.35234375 0.45078125 0.084375 0.0859375
1 0.2765625 0.49765625 0.06171875 0.15390625
1 0.2109375 0.52890625 0.065625 0.09921875
0 0.1359375 0.33671875 0.05625 0.04140625
2 0.6875 0.57265625 0.1234375 0.14765625
2 0.625 0.428125 0.09765625 0.13046875
2 0.5078125 0.43984375 0.13828125 0.08828125
2 0.50546875 0.3625 0.13984375 0.06875
2 0.41015625 0.334375 0.04921875 0.084375
2 0.35234375 0.2453125 0.11796875 0.07734375
2 0.32421875 0.1734375 0.11953125 0.05859375
2 0.23359375 0.171875 0.06171875 0.05625