2 0.6765625 0.63515625 0.05234375 0.1125
2 0.67109375 0.53359375 0.0453125 0.08984375
2 0.66328125 0.4453125 0.0375 0.08125
2 0.6296875 0.4453125 0.0265625 0.08125
2 0.63203125 0.52734375 0.0296875 0.0828125
2 0.634375 0.6296875 0.0328125 0.12265625
2 0.60390625 0.44296875 0.025 0.08359375
2 0.60390625 0.52421875 0.0234375 0.0765625
2 0.60390625 0.63515625 0.02578125 0.14140625
2 0.5765625 0.6359375 0.02890625 0.14296875
2 0.5765625 0.51953125 0.03125 0.08984375
2 0.5765625 0.428125 0.03046875 0.08984375
2 0.5421875 0.63984375 0.040625 0.14921875
2 0.5421875 0.5203125 0.03828125 0.09140625
2 0.54296875 0.43828125 0.034375 0.078125
2 0.509375 0.6421875 0.02734375 0.14765625
2 0.5078125 0.52265625 0.025 0.08671875
2 0.50625 0.440625 0.0390625 0.0828125
2 0.4828125 0.6375 0.02734375 0.1375
2 0.48203125 0.5296875 0.02578125 0.08359375
2 0.45 0.63984375 0.03671875 0.12890625
2 0.44765625 0.52421875 0.040625 0.1
2 0.44453125 0.45390625 0.0375 0.04921875
2 0.35546875 0.41328125 0.03984375 0.134375
2 0.4 0.41484375 0.046875 0.121875
2 0.31796875 0.5921875 0.2296875 0.2359375