0 0.59375 0.2890625 0.10703125 0.09296875
0 0.534375 0.40859375 0.13515625 0.13984375
0 0.63203125 0.44296875 0.0578125 0.0734375
0 0.62734375 0.51875 0.08125 0.0796875
0 0.21171875 0.1234375 0.1484375 0.1265625
0 0.0203125 0.26953125 0.03984375 0.11640625
0 0.13984375 0.2734375 0.12265625 0.0734375
0 0.18671875 0.0390625 0.0890625 0.04453125
0 0.2734375 0.24140625 0.1375 0.10546875
0 0.11484375 0.73203125 0.15 0.14765625
0 0.43359375 0.8109375 0.12890625 0.12109375
0 0.2703125 0.87578125 0.10546875 0.11328125
0 0.096875 0.93828125 0.09296875 0.096875
0 0.1828125 0.93828125 0.0640625 0.1234375
0 0.2421875 0.75078125 0.09921875 0.12890625
0 0.2375 0.64375 0.09296875 0.08359375
2 0.52109375 0.55078125 0.1125 0.1375
2 0.396875 0.5515625 0.13359375 0.1390625
2 0.5125 0.6640625 0.09453125 0.08671875
2 0.40078125 0.68359375 0.12890625 0.121875
2 0.3953125 0.440625 0.12421875 0.0765625
0 0.2609375 0.53359375 0.0859375 0.05546875
0 0.378125 0.37734375 0.10703125 0.0453125