0 0.9203125 0.93046875 0.159375 0.1390625
0 0.15625 0.62578125 0.0890625 0.10859375
2 0.1578125 0.840625 0.21796875 0.31875
2 0.3546875 0.83359375 0.1703125 0.3328125
2 0.546875 0.8078125 0.21171875 0.384375
2 0.7484375 0.7484375 0.18671875 0.49765625
2 0.9015625 0.675 0.11953125 0.359375
2 0.8609375 0.3765625 0.16171875 0.2265625
2 0.71171875 0.3328125 0.1296875 0.325
2 0.59375 0.3296875 0.10859375 0.325
2 0.59609375 0.55546875 0.11953125 0.115625
2 0.48984375 0.37578125 0.08984375 0.22421875
2 0.4859375 0.55078125 0.103125 0.12578125
2 0.38203125 0.38046875 0.12734375 0.2140625
2 0.2890625 0.40546875 0.059375 0.16015625
2 0.34375 0.57421875 0.18046875 0.18203125