2 0.30859375 0.621875 0.09140625 0.14453125
2 0.5421875 0.8328125 0.146875 0.334375
2 0.49375 0.3953125 0.0453125 0.1265625
2 0.67421875 0.9015625 0.1203125 0.196875
2 0.87421875 0.7703125 0.0796875 0.2765625
2 0.8015625 0.78515625 0.06640625 0.30390625
2 0.753125 0.87109375 0.0328125 0.1421875
2 0.7515625 0.7203125 0.03203125 0.165625
2 0.67578125 0.76640625 0.11796875 0.06953125
2 0.67578125 0.684375 0.1171875 0.09140625
2 0.8140625 0.59140625 0.09140625 0.07421875
2 0.76875 0.52421875 0.0578125 0.0609375
2 0.7421875 0.596875 0.0484375 0.078125
2 0.66875 0.60078125 0.10078125 0.07265625
2 0.72421875 0.48203125 0.0265625 0.14765625
2 0.69375 0.48515625 0.03359375 0.15390625
2 0.65859375 0.48515625 0.03515625 0.15703125
2 0.62890625 0.4859375 0.021875 0.1578125
2 0.5984375 0.61328125 0.0390625 0.10078125
2 0.52421875 0.61875 0.10703125 0.09921875
2 0.5984375 0.4828125 0.03671875 0.1578125
2 0.63828125 0.35546875 0.05625 0.09921875
2 0.7296875 0.371875 0.1265625 0.07578125
2 0.76015625 0.24140625 0.06015625 0.078125
2 0.825 0.33515625 0.05546875 0.14921875
2 0.76640625 0.4265625 0.05625 0.03671875
2 0.56328125 0.3578125 0.0921875 0.09765625
2 0.5484375 0.48828125 0.0609375 0.15234375
2 0.49453125 0.51484375 0.04765625 0.109375
2 0.446875 0.64140625 0.04453125 0.159375
2 0.45 0.49296875 0.03828125 0.1375
2 0.4015625 0.6203125 0.0484375 0.1109375