0 0.43046875 0.8765625 0.07578125 0.15625
0 0.2328125 0.1609375 0.03984375 0.0828125
0 0.303125 0.1953125 0.084375 0.1078125
0 0.371875 0.2140625 0.05390625 0.08515625
0 0.4328125 0.19375 0.0484375 0.07578125
0 0.48984375 0.17578125 0.046875 0.06328125
0 0.42890625 0.115625 0.06015625 0.065625
0 0.23984375 0.240625 0.0375 0.0609375
0 0.21875 0.41484375 0.0703125 0.13671875
0 0.21640625 0.29921875 0.0765625 0.08515625
0 0.30078125 0.303125 0.084375 0.10234375
1 0.40078125 0.3234375 0.1109375 0.1390625
1 0.44921875 0.47109375 0.0765625 0.17109375
1 0.33515625 0.4859375 0.14921875 0.16640625
0 0.49296875 0.346875 0.06953125 0.0734375