0 0.4671875 0.48984375 0.05390625 0.08203125
0 0.359375 0.45625 0.09609375 0.04609375
0 0.88046875 0.75859375 0.134375 0.184375
0 0.69453125 0.74609375 0.13828125 0.13359375
0 0.5546875 0.73203125 0.10546875 0.115625
0 0.8109375 0.89453125 0.159375 0.16953125
2 0.5890625 0.5578125 0.17109375 0.115625
2 0.39921875 0.5078125 0.07109375 0.0765625
2 0.4734375 0.58359375 0.065625 0.1
2 0.39921875 0.6078125 0.075 0.11796875
2 0.4046875 0.734375 0.190625 0.12578125
2 0.41796875 0.896875 0.1484375 0.20625
2 0.6796875 0.91171875 0.090625 0.1765625
0 0.75078125 0.578125 0.13671875 0.171875