0 0.371875 0.2875 0.07421875 0.0453125
2 0.865625 0.79765625 0.26875 0.4046875
2 0.5859375 0.72421875 0.14140625 0.3234375
2 0.74453125 0.41484375 0.0921875 0.14140625
2 0.06171875 0.67421875 0.1234375 0.2765625
2 0.19453125 0.56953125 0.128125 0.2921875
2 0.21640625 0.85859375 0.18203125 0.28203125
2 0.0609375 0.90546875 0.121875 0.1890625
2 0.4125 0.8609375 0.20234375 0.27734375
2 0.62265625 0.94609375 0.2171875 0.1078125
2 0.69453125 0.72109375 0.0703125 0.33515625
2 0.809375 0.5421875 0.15546875 0.1
2 0.8265625 0.40625 0.06796875 0.15703125
2 0.64296875 0.41328125 0.10859375 0.27109375
2 0.325 0.5515625 0.13203125 0.328125
2 0.45546875 0.5203125 0.1140625 0.39921875
2 0.5515625 0.428125 0.0734375 0.2734375