0 0.434375 0.9 0.1265625 0.19765625
0 0.31875 0.95078125 0.103125 0.0984375
0 0.3265625 0.6640625 0.19375 0.2734375
0 0.47890625 0.5484375 0.12421875 0.3296875
0 0.653125 0.353125 0.22421875 0.4375
0 0.6640625 0.81640625 0.240625 0.3671875
0 0.8546875 0.93828125 0.1296875 0.1234375
0 0.309375 0.36015625 0.11328125 0.134375
2 0.284375 0.1015625 0.103125 0.20234375
2 0.38203125 0.065625 0.08671875 0.12734375
1 0.62734375 0.06328125 0.259375 0.1265625
2 0.49921875 0.2078125 0.07578125 0.1859375
0 0.42890625 0.30546875 0.07109375 0.121875