0 0.4515625 0.1296875 0.08984375 0.22109375
0 0.615625 0.76640625 0.12734375 0.19140625
0 0.49375 0.78671875 0.0671875 0.134375
0 0.41328125 0.7515625 0.0796875 0.16171875
0 0.42265625 0.525 0.08984375 0.215625
0 0.53671875 0.56953125 0.1 0.2125
0 0.63125 0.54140625 0.07421875 0.178125
0 0.5265625 0.3796875 0.1109375 0.13984375
0 0.60546875 0.34453125 0.04921875 0.09140625
0 0.5453125 0.24765625 0.06875 0.1296875
0 0.3328125 0.17265625 0.09375 0.16171875
0 0.33984375 0.4171875 0.06953125 0.1828125
0 0.32421875 0.70078125 0.09140625 0.215625
0 0.425 0.3390625 0.08984375 0.1453125
0 0.275 0.91171875 0.1140625 0.1640625
0 0.85859375 0.43125 0.05390625 0.12421875
0 0.7671875 0.42265625 0.078125 0.1828125