2 0.35234375 0.9375 0.09140625 0.125
2 0.26796875 0.9546875 0.07421875 0.090625
2 0.25 0.24921875 0.10078125 0.20234375
2 0.25390625 0.4515625 0.1078125 0.20546875
2 0.34609375 0.27734375 0.090625 0.14140625
2 0.3609375 0.45703125 0.10234375 0.2109375
2 0.44453125 0.421875 0.04765625 0.1640625
2 0.25390625 0.6140625 0.1140625 0.1140625
2 0.3828125 0.615625 0.13515625 0.10859375
2 0.40546875 0.746875 0.18203125 0.146875
2 0.23515625 0.74296875 0.1640625 0.146875
2 0.21953125 0.86015625 0.171875 0.09140625
2 0.11015625 0.7375 0.090625 0.15
2 0.1578125 0.61171875 0.08125 0.09921875