2 0.69140625 0.290625 0.0609375 0.1671875
2 0.628125 0.34921875 0.0609375 0.2828125
2 0.5609375 0.3625 0.06484375 0.29375
2 0.56484375 0.63203125 0.071875 0.234375
2 0.4859375 0.3703125 0.0890625 0.2828125
2 0.48515625 0.6328125 0.08984375 0.23203125
2 0.4078125 0.36484375 0.0671875 0.29375
2 0.40703125 0.64140625 0.06640625 0.24765625
2 0.3390625 0.65078125 0.071875 0.27734375
2 0.265625 0.65703125 0.07421875 0.3015625
2 0.178125 0.68984375 0.10234375 0.2640625
2 0.33984375 0.39453125 0.06953125 0.2234375