0 0.91328125 0.78984375 0.1734375 0.2359375
0 0.7328125 0.9109375 0.1078125 0.171875
0 0.6765625 0.63359375 0.03515625 0.1
0 0.5375 0.8328125 0.16875 0.334375
0 0.478125 0.21953125 0.0484375 0.071875
0 0.3578125 0.146875 0.04140625 0.05546875
0 0.50078125 0.39453125 0.0484375 0.078125
0 0.47890625 0.5515625 0.075 0.15859375
0 0.40859375 0.53359375 0.0625 0.13359375
0 0.4359375 0.340625 0.0703125 0.10859375
0 0.3703125 0.21796875 0.03359375 0.0640625
0 0.23046875 0.509375 0.0765625 0.125
0 0.2375 0.4109375 0.0578125 0.06640625
0 0.23984375 0.6484375 0.1296875 0.19140625
0 0.765625 0.55859375 0.07109375 0.11640625