0 0.7859375 0.63828125 0.12890625 0.1484375
2 0.92109375 0.8625 0.1578125 0.27421875
2 0.74375 0.87265625 0.196875 0.2546875
2 0.934375 0.665625 0.13046875 0.115625
0 0.040625 0.89609375 0.0765625 0.08984375
0 0.18046875 0.86171875 0.065625 0.11796875
2 0.55390625 0.86484375 0.1859375 0.2703125
2 0.3375 0.8703125 0.24453125 0.25859375
2 0.559375 0.634375 0.184375 0.18203125
2 0.3578125 0.66640625 0.2078125 0.13828125
2 0.684375 0.5921875 0.08046875 0.30234375
2 0.80546875 0.51953125 0.1734375 0.084375