0 0.74140625 0.71015625 0.0828125 0.10390625
0 0.87265625 0.78046875 0.06484375 0.14453125
0 0.9484375 0.7984375 0.0671875 0.11953125
0 0.67890625 0.9109375 0.06484375 0.128125
0 0.41875 0.803125 0.0453125 0.10859375
0 0.47578125 0.7375 0.0359375 0.071875
0 0.5 0.62578125 0.0484375 0.10390625
0 0.4 0.59453125 0.04921875 0.05546875
1 0.43828125 0.209375 0.053125 0.065625
1 0.40234375 0.471875 0.040625 0.1609375
1 0.5421875 0.3140625 0.1265625 0.14140625
0 0.83203125 0.665625 0.05859375 0.0765625
1 0.3890625 0.271875 0.04609375 0.0984375
1 0.4453125 0.28046875 0.0640625 0.075
1 0.34765625 0.3234375 0.03203125 0.1140625
2 0.2875 0.70390625 0.128125 0.096875
2 0.96171875 0.62265625 0.0765625 0.21796875
2 0.890625 0.59921875 0.059375 0.215625
2 0.83125 0.53828125 0.05625 0.1734375
2 0.83125 0.40078125 0.0578125 0.09609375
0 0.74453125 0.61640625 0.0609375 0.0859375
2 0.7765625 0.859375 0.125 0.18203125
2 0.875 0.91171875 0.071875 0.109375
2 0.54375 0.76875 0.0921875 0.165625
2 0.6671875 0.5375 0.09375 0.23359375
2 0.57109375 0.5578125 0.09140625 0.2484375
2 0.659375 0.72421875 0.08203125 0.140625
2 0.60546875 0.7828125 0.0265625 0.1984375
2 0.49765625 0.4828125 0.0515625 0.17109375