0 0.26328125 0.04921875 0.0359375 0.0890625
0 0.41015625 0.184375 0.04140625 0.07421875
2 0.53828125 0.78515625 0.1328125 0.4296875
2 0.403125 0.7796875 0.134375 0.440625
2 0.68203125 0.4484375 0.25703125 0.24140625
2 0.44921875 0.4359375 0.21171875 0.24609375
2 0.28125 0.41015625 0.11875 0.28359375
2 0.2859375 0.76796875 0.09375 0.4640625
0 0.58828125 0.0984375 0.09375 0.15234375
2 0.57578125 0.23671875 0.15625 0.1234375
2 0.49296875 0.11171875 0.1046875 0.1203125
2 0.30546875 0.2109375 0.146875 0.09609375
2 0.46328125 0.23671875 0.06484375 0.13828125