2 0.83359375 0.83359375 0.0734375 0.08125
2 0.70859375 0.78828125 0.08125 0.14296875
2 0.60078125 0.6734375 0.134375 0.28359375
2 0.703125 0.60078125 0.08984375 0.221875
2 0.77890625 0.75625 0.0546875 0.3203125
2 0.54375 0.55546875 0.11015625 0.21953125
2 0.60859375 0.459375 0.103125 0.184375
2 0.66953125 0.5125 0.0671875 0.128125
2 0.515625 0.296875 0.0734375 0.115625
2 0.42578125 0.37578125 0.025 0.1703125
2 0.46015625 0.35703125 0.03046875 0.15234375
2 0.5453125 0.25859375 0.08046875 0.1234375