2 0.5 0.70703125 1 0.13828125
2 0.2203125 0.7984375 0.1140625 0.1359375
2 0.11640625 0.784375 0.15859375 0.0765625
2 0.39921875 0.771875 0.25625 0.09765625
2 0.775 0.75703125 0.44921875 0.0734375
2 0.82890625 0.7984375 0.04921875 0.05390625
2 0.5046875 0.6328125 0.90703125 0.02890625
2 0.50078125 0.60859375 0.85 0.03984375
2 0.50390625 0.5828125 0.7734375 0.03125
2 0.82578125 0.56171875 0.1015625 0.04765625
2 0.4640625 0.55703125 0.58359375 0.040625
2 0.26796875 0.5328125 0.05 0.05
2 0.3890625 0.53046875 0.19921875 0.02421875
2 0.3453125 0.5078125 0.04609375 0.04140625
2 0.41875 0.51328125 0.1109375 0.0171875
2 0.5828125 0.52421875 0.19765625 0.03359375