1 0.43359375 0.53359375 0.378125 0.765625
1 0.12890625 0.7015625 0.2578125 0.57578125
1 0.2 0.3796875 0.16640625 0.18125
1 0.14453125 0.40859375 0.15 0.11640625
1 0.23359375 0.271875 0.12421875 0.1125
1 0.44609375 0.1859375 0.25859375 0.1375
1 0.396875 0.94140625 0.3625 0.11484375
1 0.7953125 0.58828125 0.334375 0.134375
1 0.70234375 0.4953125 0.19375 0.12890625
1 0.62421875 0.60390625 0.05 0.13671875
2 0.71015625 0.81875 0.15234375 0.290625
2 0.81953125 0.875 0.3609375 0.24765625
0 0.72109375 0.3546875 0.1203125 0.15
0 0.66015625 0.21484375 0.096875 0.11171875
0 0.64609375 0.36328125 0.06796875 0.14296875
0 0.8328125 0.45859375 0.084375 0.14453125
0 0.8828125 0.49921875 0.09453125 0.09453125
0 0.94921875 0.6015625 0.1015625 0.071875