2 0.5578125 0.82109375 0.88125 0.3578125
2 0.1328125 0.8125 0.0890625 0.30078125
2 0.09609375 0.63984375 0.1125 0.13828125
2 0.13828125 0.57421875 0.084375 0.08671875
2 0.17421875 0.51640625 0.1328125 0.0578125
2 0.10546875 0.52265625 0.01796875 0.02265625
2 0.15859375 0.471875 0.08515625 0.04921875
2 0.24375 0.46953125 0.0890625 0.046875
2 0.20703125 0.59140625 0.115625 0.14453125
2 0.29765625 0.56953125 0.11640625 0.1828125
2 0.37734375 0.58515625 0.06953125 0.1625
2 0.3609375 0.50546875 0.03671875 0.05390625
2 0.4328125 0.59921875 0.06796875 0.14453125
2 0.59296875 0.58984375 0.26640625 0.14140625
2 0.76953125 0.58984375 0.12734375 0.12890625
2 0.87890625 0.63671875 0.1328125 0.0859375
2 0.8421875 0.58984375 0.03515625 0.053125
2 0.69375 0.47109375 0.121875 0.16484375
2 0.7796875 0.51796875 0.0859375 0.04765625
2 0.76171875 0.47109375 0.03046875 0.084375
2 0.56875 0.47578125 0.15 0.11171875
2 0.47578125 0.48203125 0.08046875 0.134375