1 0.39609375 0.69296875 0.7921875 0.6125
1 0.88828125 0.7984375 0.2234375 0.4
1 0.81328125 0.55234375 0.15703125 0.1546875
1 0.90234375 0.58515625 0.06953125 0.1015625
1 0.93828125 0.5875 0.06796875 0.06015625
1 0.80234375 0.46953125 0.090625 0.08046875
1 0.128125 0.31015625 0.25625 0.20859375
1 0.16484375 0.17578125 0.225 0.06171875
1 0.26875 0.31171875 0.05234375 0.2234375
1 0.37578125 0.32109375 0.21328125 0.1921875
1 0.540625 0.303125 0.21484375 0.18203125
1 0.64375 0.3515625 0.14296875 0.11484375
1 0.72421875 0.3734375 0.07421875 0.07734375
1 0.66328125 0.27734375 0.06015625 0.09375
1 0.55078125 0.21015625 0.203125 0.0296875