0 0.32265625 0.95546875 0.06015625 0.06328125
0 0.425 0.95078125 0.0296875 0.0484375
0 0.06171875 0.809375 0.03671875 0.0375
0 0.109375 0.7203125 0.040625 0.0265625
0 0.16171875 0.590625 0.02578125 0.03046875
0 0.49453125 0.88046875 0.02109375 0.0359375
2 0.5765625 0.6453125 0.1890625 0.3125
2 0.7234375 0.6203125 0.146875 0.26953125
2 0.80546875 0.61796875 0.0890625 0.17265625
2 0.8625 0.61484375 0.06015625 0.11171875
2 0.20859375 0.77265625 0.1109375 0.10859375
2 0.32421875 0.7109375 0.225 0.15625
2 0.37578125 0.58984375 0.21171875 0.16015625
2 0.25625 0.60703125 0.25078125 0.06796875
2 0.25234375 0.55234375 0.0875 0.08125
2 0.43359375 0.5015625 0.19296875 0.09921875