0 0.47109375 0.40078125 0.07265625 0.121875
0 0.08671875 0.76484375 0.06484375 0.1265625
0 0.34140625 0.140625 0.0640625 0.07578125
0 0.746875 0.4328125 0.0578125 0.11953125
0 0.64140625 0.3328125 0.02734375 0.0421875
0 0.40859375 0.63515625 0.109375 0.14921875
2 0.4640625 0.61484375 0.58359375 0.7703125
2 0.859375 0.925 0.28046875 0.146875
2 0.81640625 0.77578125 0.17421875 0.20859375
2 0.9 0.7953125 0.06171875 0.21796875
2 0.92890625 0.83359375 0.0984375 0.14609375
2 0.16640625 0.86640625 0.146875 0.26484375
2 0.2078125 0.64765625 0.178125 0.30703125
2 0.1890625 0.465625 0.1078125 0.16796875
2 0.20234375 0.346875 0.12421875 0.12265625
2 0.4484375 0.21796875 0.50546875 0.14375
2 0.7140625 0.2515625 0.0609375 0.134375
2 0.44765625 0.13203125 0.4453125 0.071875
2 0.43203125 0.0984375 0.3171875 0.125
2 0.43671875 0.0609375 0.29140625 0.121875