0 0.44609375 0.65 0.0515625 0.0578125
0 0.296875 0.63046875 0.040625 0.0703125
0 0.33984375 0.590625 0.03359375 0.05703125
0 0.31953125 0.7046875 0.0328125 0.09375
0 0.56015625 0.48515625 0.05703125 0.06484375
0 0.58828125 0.54296875 0.0484375 0.06796875
0 0.6765625 0.45546875 0.025 0.05
0 0.56015625 0.415625 0.0125 0.04765625
0 0.44921875 0.540625 0.021875 0.05234375
0 0.40234375 0.4359375 0.0390625 0.03671875
0 0.48984375 0.49453125 0.01875 0.0328125
0 0.50703125 0.615625 0.015625 0.04140625
0 0.5203125 0.671875 0.01875 0.02265625
0 0.71875 0.61171875 0.01875 0.02109375
0 0.63828125 0.62734375 0.0171875 0.03359375
1 0.290625 0.51953125 0.11640625 0.26015625
1 0.36796875 0.575 0.1546875 0.20625