1 0.39140625 0.23359375 0.1140625 0.27109375
1 0.184375 0.87265625 0.1484375 0.2171875
1 0.2890625 0.625 0.075 0.61015625
1 0.53515625 0.60546875 0.703125 0.21015625
1 0.278125 0.75 0.25703125 0.1515625
1 0.26953125 0.49296875 0.11796875 0.121875
1 0.3359375 0.31484375 0.09921875 0.15625
1 0.54375 0.42734375 0.46171875 0.190625
1 0.584375 0.29296875 0.2734375 0.09296875
1 0.60625 0.240625 0.1359375 0.1
1 0.6796875 0.24765625 0.02734375 0.05546875
1 0.73203125 0.30546875 0.040625 0.075
1 0.7859375 0.4546875 0.065625 0.1703125
1 0.43984375 0.753125 0.06796875 0.1453125
1 0.5109375 0.746875 0.08046875 0.1140625
1 0.609375 0.73671875 0.1203125 0.115625
1 0.74296875 0.73359375 0.16171875 0.090625
1 0.871875 0.71796875 0.1078125 0.11875
1 0.88828125 0.65546875 0.05625 0.1171875
1 0.93828125 0.7234375 0.04453125 0.08671875