0 0.4296875 0.696875 0.05703125 0.07890625
0 0.421875 0.57578125 0.0546875 0.06171875
0 0.34921875 0.3359375 0.02109375 0.02265625
0 0.30234375 0.36328125 0.0171875 0.0265625
0 0.27578125 0.3296875 0.021875 0.0453125
0 0.334375 0.30703125 0.01875 0.03046875
0 0.5390625 0.51953125 0.0921875 0.12109375
0 0.490625 0.93125 0.03125 0.05546875
0 0.871875 0.7265625 0.0359375 0.05546875
2 0.6875 0.85625 0.1640625 0.234375
2 0.78125 0.87421875 0.06953125 0.11640625
2 0.571875 0.71328125 0.096875 0.1921875
2 0.60390625 0.8125 0.06796875 0.17109375
2 0.50859375 0.6328125 0.10390625 0.1375
2 0.51796875 0.69609375 0.0859375 0.08359375
2 0.4421875 0.48671875 0.1 0.16484375
2 0.3984375 0.48125 0.07109375 0.1796875
2 0.48828125 0.37421875 0.15625 0.2296875
2 0.57890625 0.4046875 0.0578125 0.1171875
0 0.4921875 0.346875 0.1046875 0.14296875
1 0.50234375 0.26640625 0.0390625 0.0484375
1 0.52578125 0.3015625 0.04296875 0.04296875
1 0.53046875 0.31640625 0.034375 0.04453125
1 0.5390625 0.34140625 0.015625 0.03984375
2 0.42265625 0.31875 0.1125 0.16875
2 0.31171875 0.26796875 0.1609375 0.1359375
2 0.36015625 0.33828125 0.09375 0.08828125
2 0.4 0.23203125 0.04765625 0.0453125
2 0.3171875 0.18828125 0.0359375 0.04375