0 0.3734375 0.6515625 0.03046875 0.01875
0 0.8421875 0.565625 0.06875 0.05859375
2 0.41328125 0.4078125 0.22734375 0.2640625
2 0.52421875 0.540625 0.1484375 0.31015625
2 0.52734375 0.7328125 0.05078125 0.0484375
2 0.63828125 0.57578125 0.11953125 0.26796875
2 0.515625 0.3578125 0.1 0.14296875
2 0.33359375 0.340625 0.21953125 0.09296875
2 0.34296875 0.29453125 0.16640625 0.07265625
2 0.3796875 0.26875 0.1640625 0.07265625
2 0.409375 0.2765625 0.1890625 0.0296875
2 0.3890625 0.2328125 0.1265625 0.040625
2 0.45625 0.2578125 0.06875 0.07421875
2 0.4140625 0.58046875 0.10078125 0.134375
2 0.3671875 0.5609375 0.08984375 0.08203125