0 0.47734375 0.7921875 0.1 0.09765625
0 0.30078125 0.4796875 0.075 0.02578125
0 0.64375 0.5125 0.0640625 0.0453125
0 0.54140625 0.5078125 0.0546875 0.040625
0 0.0390625 0.325 0.06953125 0.03203125
0 0.15703125 0.17578125 0.09609375 0.05546875
0 0.6015625 0.1734375 0.053125 0.021875
0 0.6484375 0.17421875 0.04296875 0.02421875
0 0.375 0.2 0.053125 0.0203125
2 0.35234375 0.5015625 0.29609375 0.50703125
2 0.55703125 0.603125 0.2171875 0.31015625
2 0.509375 0.37421875 0.24453125 0.3046875
2 0.7203125 0.3203125 0.26171875 0.1984375
2 0.878125 0.31953125 0.24375 0.1484375
2 0.1921875 0.3484375 0.16796875 0.296875
2 0.34375 0.2375 0.30859375 0.13828125
2 0.5546875 0.2265625 0.24140625 0.13515625
2 0.6953125 0.21015625 0.16796875 0.12109375
2 0.80546875 0.19765625 0.15546875 0.08671875
2 0.25625 0.14296875 0.14765625 0.10390625
2 0.4375 0.1625 0.38203125 0.06796875
2 0.70546875 0.65390625 0.14296875 0.140625
2 0.81875 0.6265625 0.20234375 0.11328125
2 0.7671875 0.54140625 0.2515625 0.10546875
2 0.8609375 0.5015625 0.2515625 0.0546875
2 0.68046875 0.4546875 0.1578125 0.15546875
2 0.1921875 0.6375 0.1328125 0.23046875