0 0.41640625 0.38359375 0.09375 0.11484375
0 0.2359375 0.25625 0.1203125 0.1234375
0 0.053125 0.075 0.10390625 0.04765625
0 0.20546875 0.05703125 0.0671875 0.0984375
0 0.43046875 0.1125 0.12734375 0.1265625
0 0.89453125 0.12578125 0.059375 0.05703125
2 0.63515625 0.446875 0.1046875 0.8375
2 0.79765625 0.60390625 0.190625 0.790625
2 0.884375 0.640625 0.2296875 0.7171875
2 0.71484375 0.46484375 0.078125 0.8328125
2 0.77265625 0.546875 0.07578125 0.90625
2 0.284375 0.52265625 0.19609375 0.92421875
2 0.346875 0.41640625 0.6890625 0.6140625
2 0.4046875 0.81484375 0.1234375 0.23828125
2 0.58671875 0.76953125 0.29296875 0.2234375
2 0.52265625 0.94765625 0.1046875 0.103125