0 0.55390625 0.55625 0.0375 0.0609375
0 0.56171875 0.6296875 0.04140625 0.07578125
0 0.51015625 0.58203125 0.0453125 0.0796875
0 0.515625 0.65546875 0.04375 0.0625
0 0.56796875 0.709375 0.03125 0.046875
0 0.54921875 0.66875 0.03359375 0.07734375
0 0.62109375 0.64609375 0.0640625 0.1375
0 0.58984375 0.66953125 0.05390625 0.0765625
0 0.53046875 0.7265625 0.0375 0.06484375
0 0.47890625 0.63359375 0.0484375 0.06484375
0 0.45390625 0.5859375 0.05625 0.05703125
2 0.42890625 0.71953125 0.11015625 0.2171875
2 0.36015625 0.76796875 0.08671875 0.11328125
2 0.37578125 0.7046875 0.05390625 0.0890625
2 0.3453125 0.7109375 0.03671875 0.05546875
2 0.421875 0.63046875 0.03984375 0.053125
2 0.50078125 0.75546875 0.03359375 0.10234375
2 0.4859375 0.73359375 0.01484375 0.07890625