2 0.67265625 0.7328125 0.11328125 0.1640625
2 0.7484375 0.75625 0.04609375 0.178125
2 0.7921875 0.7890625 0.05078125 0.1921875
2 0.82890625 0.79921875 0.02265625 0.2
2 0.85859375 0.809375 0.04453125 0.18125
2 0.88671875 0.80859375 0.0171875 0.171875
2 0.9109375 0.803125 0.0296875 0.13828125
2 0.9453125 0.8078125 0.0515625 0.10390625
2 0.97890625 0.834375 0.0421875 0.04140625
2 0.53203125 0.60703125 0.078125 0.14375
2 0.578125 0.69921875 0.0828125 0.128125
2 0.57421875 0.6109375 0.046875 0.084375
2 0.609375 0.628125 0.04296875 0.08828125
2 0.640625 0.6390625 0.03125 0.0640625
2 0.5015625 0.6109375 0.128125 0.05625
2 0.509375 0.640625 0.09921875 0.028125
2 0.48828125 0.565625 0.04453125 0.040625