0 0.17734375 0.290625 0.0359375 0.040625
0 0.1703125 0.35625 0.01640625 0.03359375
0 0.2359375 0.38203125 0.021875 0.040625
0 0.315625 0.3375 0.02265625 0.04609375
0 0.21328125 0.23203125 0.0203125 0.0265625
0 0.2734375 0.16015625 0.01484375 0.01484375
0 0.45 0.24921875 0.025 0.02734375
0 0.3953125 0.66875 0.04140625 0.0421875
0 0.096875 0.6640625 0.0171875 0.05234375
0 0.215625 0.69921875 0.0125 0.025
0 0.3359375 0.62578125 0.01875 0.02578125
0 0.34140625 0.72109375 0.0140625 0.02421875
0 0.28984375 0.73125 0.0234375 0.0328125