2 0.5 0.7859375 1 0.425
2 0.4875 0.6515625 0.975 0.321875
2 0.94375 0.64296875 0.1078125 0.2609375
2 0.45390625 0.48125 0.9078125 0.11015625
2 0.4375 0.41796875 0.875 0.0828125
2 0.4125 0.3640625 0.82421875 0.0328125
2 0.06171875 0.32265625 0.10859375 0.0671875
2 0.43515625 0.32109375 0.67734375 0.17890625
2 0.76015625 0.34375 0.078125 0.12421875
2 0.81015625 0.359375 0.0671875 0.11640625
2 0.4578125 0.2453125 0.61328125 0.08671875
2 0.090625 0.2875 0.05703125 0.08671875
2 0.29921875 0.18125 0.1421875 0.14453125
2 0.503125 0.20546875 0.30703125 0.09296875
2 0.665625 0.20390625 0.0609375 0.053125
2 0.2921875 0.09609375 0.078125 0.11171875
2 0.184375 0.19140625 0.0515625 0.10859375