2 0.5 0.853125 1 0.29140625
2 0.5 0.7375 1 0.16796875
2 0.475 0.64140625 0.95 0.1421875
2 0.9515625 0.6765625 0.05546875 0.16171875
2 0.96796875 0.66953125 0.0640625 0.115625
2 0.48359375 0.565625 0.9203125 0.04609375
2 0.51328125 0.53984375 0.75 0.04140625
2 0.8953125 0.54453125 0.0375 0.025
2 0.4921875 0.5140625 0.61796875 0.03203125
2 0.47734375 0.49375 0.52578125 0.02734375
2 0.44140625 0.47578125 0.3890625 0.01875
2 0.4109375 0.4609375 0.29296875 0.0171875
2 0.4015625 0.44921875 0.20390625 0.01328125
2 0.403125 0.4359375 0.15234375 0.01953125
2 0.42890625 0.4203125 0.05546875 0.02890625