0 0.63359375 0.3765625 0.04921875 0.04296875
0 0.6171875 0.33671875 0.04296875 0.028125
2 0.41015625 0.50390625 0.275 0.33125
2 0.5765625 0.49921875 0.11796875 0.29921875
2 0.6984375 0.5453125 0.17109375 0.23984375
2 0.265625 0.4984375 0.1703125 0.3171875
2 0.17734375 0.4359375 0.2109375 0.190625
2 0.21484375 0.484375 0.14453125 0.1828125
2 0.2640625 0.3296875 0.31640625 0.14375
2 0.47109375 0.3046875 0.13203125 0.12734375
2 0.55625 0.32109375 0.090625 0.13203125
2 0.31328125 0.23828125 0.21484375 0.10859375