0 0.503125 0.38515625 0.03828125 0.11796875
0 0.65234375 0.34375 0.02109375 0.04609375
0 0.67734375 0.35625 0.0203125 0.01875
2 0.45078125 0.275 0.08515625 0.1984375
2 0.50078125 0.3125 0.1 0.19296875
2 0.51171875 0.2078125 0.04296875 0.0546875
2 0.56328125 0.3203125 0.046875 0.1734375
2 0.59296875 0.315625 0.03046875 0.16484375
2 0.615625 0.315625 0.0375 0.1203125
2 0.63984375 0.32265625 0.021875 0.09921875
2 0.6703125 0.33984375 0.084375 0.03359375
2 0.65625 0.3 0.0390625 0.0546875
2 0.671875 0.31171875 0.03984375 0.04765625
2 0.39453125 0.2890625 0.04921875 0.1546875
2 0.41171875 0.2328125 0.03828125 0.09296875
2 0.46484375 0.40859375 0.0421875 0.0625
2 0.42734375 0.36875 0.03984375 0.06484375
2 0.38984375 0.27109375 0.06640625 0.0703125