2 0.2109375 0.80546875 0.421875 0.3890625
2 0.440625 0.834375 0.078125 0.33125
2 0.503125 0.9046875 0.21171875 0.18828125
2 0.49921875 0.78984375 0.12421875 0.13984375
2 0.63359375 0.91328125 0.0859375 0.12421875
0 0.05390625 0.9328125 0.1078125 0.134375
2 0.25546875 0.6015625 0.2796875 0.07421875
2 0.3890625 0.58359375 0.1625 0.11328125
2 0.45625 0.51640625 0.09765625 0.178125
2 0.51953125 0.49453125 0.05390625 0.121875
2 0.57890625 0.4765625 0.075 0.059375
2 0.39453125 0.5265625 0.0984375 0.0796875