2 0.15546875 0.69375 0.31015625 0.20859375
2 0.25078125 0.80390625 0.24765625 0.165625
2 0.44375 0.66640625 0.34609375 0.2015625
2 0.54140625 0.765625 0.3375 0.109375
2 0.703125 0.7015625 0.20625 0.26484375
2 0.796875 0.7421875 0.1140625 0.1984375
2 0.8625 0.82734375 0.0953125 0.05234375
2 0.83125 0.60078125 0.08515625 0.09921875
2 0.871875 0.67421875 0.08359375 0.1
2 0.88671875 0.7421875 0.07421875 0.07734375
2 0.93671875 0.675 0.0734375 0.08515625
2 0.66015625 0.5546875 0.14609375 0.0609375
2 0.7515625 0.56015625 0.06015625 0.03984375