0 0.6984375 0.4015625 0.05390625 0.08671875
0 0.37890625 0.29921875 0.0515625 0.07890625
0 0.53125 0.27109375 0.0171875 0.065625
0 0.5828125 0.3859375 0.03671875 0.08984375
2 0.1875 0.74453125 0.375 0.5109375
2 0.5 0.66953125 0.31796875 0.65859375
2 0.315625 0.5125 0.38046875 0.2015625
2 0.29296875 0.42890625 0.190625 0.11484375
2 0.31484375 0.365625 0.053125 0.10859375
2 0.5203125 0.33671875 0.234375 0.11640625
2 0.653125 0.4546875 0.053125 0.35703125
2 0.71015625 0.3859375 0.0859375 0.28203125
0 0.24375 0.50234375 0.096875 0.12734375