2 0.296875 0.55234375 0.07421875 0.0640625
2 0.4421875 0.50859375 0.2421875 0.1015625
2 0.5203125 0.459375 0.3421875 0.0734375
2 0.58203125 0.5109375 0.08359375 0.08046875
2 0.44609375 0.5734375 0.0484375 0.06640625
2 0.571875 0.40390625 0.309375 0.10234375
2 0.70078125 0.4609375 0.078125 0.11171875
2 0.41796875 0.43046875 0.0921875 0.0765625
2 0.59609375 0.37578125 0.309375 0.1234375
2 0.621875 0.3125 0.315625 0.04453125
2 0.75390625 0.35703125 0.0359375 0.0828125
2 0.75 0.4421875 0.03125 0.0390625
2 0.7625 0.41328125 0.03125 0.04375
2 0.7859375 0.31015625 0.05234375 0.03828125
2 0.5578125 0.2921875 0.0359375 0.0328125
2 0.50703125 0.2875 0.0296875 0.02890625
2 0.67578125 0.27265625 0.20078125 0.05625
2 0.69375 0.23828125 0.17578125 0.02734375
2 0.69375 0.20625 0.0921875 0.084375
2 0.7421875 0.21875 0.02421875 0.05
2 0.7546875 0.22265625 0.028125 0.0359375
2 0.65234375 0.21875 0.0453125 0.028125
2 0.64765625 0.18046875 0.0234375 0.0421875