2 0.5 0.8765625 1 0.24296875
2 0.09609375 0.67578125 0.19140625 0.2953125
2 0.57265625 0.71484375 0.8546875 0.2765625
2 0.59453125 0.5625 0.80625 0.065625
2 0.11328125 0.51171875 0.16171875 0.0515625
2 0.59765625 0.515625 0.68359375 0.08671875
2 0.24453125 0.525 0.05234375 0.0625
2 0.92890625 0.53125 0.053125 0.07734375
2 0.68046875 0.41953125 0.096875 0.3484375
2 0.78046875 0.48515625 0.1640625 0.11171875
2 0.76953125 0.39921875 0.121875 0.053125
2 0.734375 0.3796875 0.06015625 0.0578125
2 0.72890625 0.34453125 0.02734375 0.0515625
2 0.6203125 0.42109375 0.05390625 0.14609375
2 0.62265625 0.3328125 0.028125 0.0375
2 0.5796875 0.45 0.040625 0.10078125
2 0.59140625 0.403125 0.034375 0.0453125
2 0.47890625 0.46875 0.16953125 0.08515625
2 0.35390625 0.4640625 0.096875 0.0640625
2 0.30390625 0.46640625 0.04296875 0.034375
2 0.9703125 0.53515625 0.03671875 0.0390625
2 0.8828125 0.46953125 0.0546875 0.0375