0 0.509375 0.85078125 0.06484375 0.05078125
0 0.57421875 0.92109375 0.109375 0.12421875
0 0.36796875 0.8703125 0.05625 0.059375
1 0.21015625 0.925 0.05 0.04140625
0 0.153125 0.92890625 0.04296875 0.07734375
0 0.2515625 0.72421875 0.028125 0.040625
0 0.22734375 0.78203125 0.08671875 0.1046875
0 0.31484375 0.7546875 0.0703125 0.06640625
0 0.40234375 0.78125 0.08671875 0.046875
0 0.3421875 0.809375 0.09765625 0.07578125
0 0.48203125 0.66796875 0.08203125 0.08515625
0 0.4484375 0.71015625 0.0671875 0.134375
0 0.39296875 0.696875 0.0390625 0.06328125
0 0.41796875 0.7 0.06015625 0.09609375
0 0.5109375 0.68515625 0.05859375 0.046875
0 0.51796875 0.64375 0.04296875 0.04453125
0 0.48984375 0.59140625 0.0484375 0.02578125
0 0.08515625 0.69375 0.02734375 0.0703125
2 0.3 0.56015625 0.1 0.3390625
0 0.33125 0.40703125 0.04296875 0.0296875
2 0.2796875 0.59921875 0.44296875 0.0796875
2 0.08203125 0.875 0.16328125 0.246875
2 0.203125 0.72421875 0.40625 0.1703125
2 0.2 0.8484375 0.09921875 0.13515625
2 0.309375 0.80859375 0.13671875 0.11640625
2 0.1421875 0.6375 0.27890625 0.0921875
2 0.2625 0.58125 0.47109375 0.08671875
2 0.303125 0.53515625 0.38828125 0.046875
2 0.30390625 0.5015625 0.32265625 0.0484375
2 0.284375 0.4671875 0.22578125 0.05546875
2 0.27890625 0.4390625 0.203125 0.0390625
2 0.28984375 0.40859375 0.14609375 0.04765625
0 0.55078125 0.76171875 0.07578125 0.07578125
0 0.2890625 0.91015625 0.10703125 0.08359375