2 0.1796875 0.871875 0.359375 0.25546875
2 0.30390625 0.73515625 0.465625 0.22890625
2 0.3703125 0.57265625 0.396875 0.28828125
2 0.44375 0.44296875 0.30546875 0.05234375
2 0.58984375 0.55390625 0.05 0.225
2 0.61328125 0.53125 0.0234375 0.17265625
2 0.6578125 0.48671875 0.06953125 0.0640625
2 0.63359375 0.5484375 0.0265625 0.10703125
2 0.6484375 0.521875 0.01796875 0.065625
2 0.52109375 0.3953125 0.11484375 0.07578125
2 0.58046875 0.41171875 0.0125 0.06015625
2 0.58203125 0.42109375 0.01875 0.040625
2 0.55390625 0.3421875 0.04375 0.09453125
2 0.50625 0.34296875 0.05859375 0.07578125
1 0.4046875 0.82734375 0.15390625 0.24375
1 0.44921875 0.6890625 0.05625 0.12265625