0 0.27109375 0.246875 0.028125 0.02734375
0 0.290625 0.23984375 0.01953125 0.0265625
0 0.30390625 0.25546875 0.01875 0.0421875
0 0.2765625 0.271875 0.0375 0.02578125
0 0.26640625 0.2296875 0.021875 0.0203125
0 0.290625 0.2546875 0.01875 0.015625
1 0.3484375 0.45234375 0.028125 0.2171875
1 0.365625 0.496875 0.17421875 0.08203125
1 0.3234375 0.44921875 0.071875 0.04765625
1 0.38046875 0.42578125 0.0453125 0.084375
1 0.41328125 0.4390625 0.02890625 0.05859375
1 0.31875 0.41640625 0.04453125 0.03984375
1 0.33203125 0.39375 0.0375 0.03359375
1 0.334375 0.37890625 0.01796875 0.025
1 0.33671875 0.3703125 0.01328125 0.025
1 0.43203125 0.45078125 0.01875 0.0296875