0 0.75390625 0.953125 0.084375 0.09375
0 0.2953125 0.91640625 0.046875 0.11328125
0 0.44375 0.6359375 0.05546875 0.15078125
0 0.5515625 0.49609375 0.0515625 0.08984375
0 0.59296875 0.35859375 0.03125 0.0578125
2 0.23046875 0.9140625 0.4609375 0.165625
2 0.20703125 0.78203125 0.36875 0.15078125
2 0.4796875 0.934375 0.059375 0.128125
2 0.39453125 0.8265625 0.0390625 0.09296875
2 0.23671875 0.57734375 0.13203125 0.425
2 0.1625 0.58203125 0.08046875 0.34453125
2 0.4296875 0.46171875 0.253125 0.4421875
2 0.290625 0.296875 0.0375 0.24140625
2 0.31796875 0.23203125 0.03828125 0.08515625
2 0.2703125 0.24296875 0.01328125 0.13359375
2 0.2625 0.2109375 0.0171875 0.06328125
2 0.2890625 0.18359375 0.034375 0.04765625
2 0.290625 0.16484375 0.0265625 0.02578125
2 0.29375 0.15546875 0.01328125 0.03359375
2 0.3453125 0.23359375 0.0203125 0.05625
2 0.39921875 0.25390625 0.0453125 0.2390625
2 0.4515625 0.21328125 0.071875 0.1296875
2 0.5328125 0.240625 0.14375 0.18046875
2 0.6171875 0.40078125 0.1390625 0.21796875
2 0.64609375 0.509375 0.11796875 0.0796875
2 0.68671875 0.4015625 0.02734375 0.17578125
2 0.70546875 0.440625 0.021875 0.09609375
2 0.6125 0.2546875 0.02734375 0.1609375
2 0.63359375 0.25546875 0.01484375 0.13046875
2 0.6453125 0.2703125 0.02421875 0.0890625
2 0.54296875 0.1359375 0.09296875 0.0671875
2 0.5734375 0.0921875 0.0265625 0.03515625
2 0.5515625 0.096875 0.03515625 0.01796875
2 0.5578125 0.0890625 0.01171875 0.0171875
2 0.5296875 0.1015625 0.0171875 0.01328125
2 0.43828125 0.146875 0.02578125 0.09609375
2 0.4578125 0.15390625 0.01875 0.0375
2 0.47109375 0.159375 0.02265625 0.04296875
2 0.45078125 0.1296875 0.0078125 0.03125
2 0.45390625 0.14375 0.0078125 0.03359375
2 0.44375 0.0984375 0.0109375 0.0171875
2 0.54921875 0.7109375 0.05546875 0.09921875
2 0.59921875 0.590625 0.13515625 0.1546875