0 0.24609375 0.63359375 0.08125 0.09609375
0 0.07890625 0.76796875 0.15703125 0.29375
0 0.49609375 0.64765625 0.0453125 0.07265625
0 0.5453125 0.36875 0.04765625 0.04609375
0 0.14921875 0.56015625 0.1125 0.09140625
0 0.165625 0.46875 0.040625 0.03515625
0 0.35546875 0.3375 0.0609375 0.04609375
0 0.4 0.34296875 0.03203125 0.03515625
0 0.47109375 0.34921875 0.03984375 0.0375
0 0.49921875 0.37421875 0.034375 0.0359375
0 0.65859375 0.396875 0.0203125 0.02890625
0 0.64453125 0.3734375 0.028125 0.0265625
0 0.721875 0.40546875 0.0296875 0.021875
0 0.6 0.57109375 0.03671875 0.0453125
0 0.3828125 0.9296875 0.09375 0.1140625
0 0.478125 0.2640625 0.01328125 0.01953125
2 0.459375 0.578125 0.57265625 0.24765625
2 0.10390625 0.6640625 0.18828125 0.296875
2 0.16171875 0.5203125 0.10859375 0.05625
2 0.496875 0.45703125 0.453125 0.07890625
2 0.46640625 0.4125 0.3375 0.0640625
2 0.4515625 0.3796875 0.25625 0.04453125
2 0.32734375 0.3796875 0.03359375 0.0328125
2 0.65 0.42109375 0.0484375 0.071875
2 0.75390625 0.6625 0.04765625 0.325
2 0.7890625 0.746875 0.03125 0.42421875
2 0.8171875 0.771875 0.03203125 0.4265625
2 0.84375 0.796875 0.03125 0.40625
2 0.86953125 0.81015625 0.0359375 0.3796875
2 0.8890625 0.85390625 0.02890625 0.29140625
2 0.90546875 0.96953125 0.07109375 0.059375
2 0.66875 0.753125 0.128125 0.19609375
2 0.4828125 0.76328125 0.19765625 0.26484375
2 0.58203125 0.7484375 0.06640625 0.21953125
2 0.7515625 0.78671875 0.065625 0.2203125
2 0.76015625 0.88203125 0.03515625 0.0734375
2 0.25546875 0.68203125 0.11328125 0.121875
2 0.221875 0.71953125 0.06875 0.09921875
2 0.20234375 0.7671875 0.040625 0.06171875
2 0.171875 0.80234375 0.05390625 0.06328125
2 0.67578125 0.88828125 0.1546875 0.17734375