0 0.16953125 0.8265625 0.08125 0.10546875
0 0.3390625 0.69609375 0.06953125 0.0953125
2 0.3625 0.93671875 0.56171875 0.125
2 0.46171875 0.8265625 0.5828125 0.1265625
2 0.49375 0.746875 0.41171875 0.09453125
2 0.7078125 0.68515625 0.11484375 0.190625
2 0.7703125 0.60546875 0.11796875 0.259375
2 0.8359375 0.571875 0.02890625 0.28046875
2 0.87734375 0.5890625 0.084375 0.23359375
2 0.51953125 0.66640625 0.35546875 0.09921875
2 0.54921875 0.61015625 0.24375 0.0578125
2 0.6140625 0.56484375 0.21640625 0.06171875
2 0.63125 0.5234375 0.203125 0.05390625
2 0.68671875 0.49140625 0.2375 0.03515625
2 0.7390625 0.459375 0.265625 0.04765625
2 0.75078125 0.421875 0.1765625 0.040625
2 0.75859375 0.37890625 0.0703125 0.08671875
2 0.78515625 0.3875 0.0328125 0.07578125
2 0.8015625 0.39765625 0.01640625 0.075
2 0.81015625 0.4078125 0.0140625 0.06875
2 0.7203125 0.39140625 0.0203125 0.0703125
2 0.70546875 0.4109375 0.0265625 0.05234375
2 0.81875 0.4 0.0109375 0.01875
2 0.84296875 0.42421875 0.01640625 0.03125