0 0.31875 0.7046875 0.04765625 0.10546875
0 0.19921875 0.9515625 0.02109375 0.096875
0 0.19609375 0.525 0.04296875 0.096875
0 0.1484375 0.54609375 0.05859375 0.1296875
0 0.1234375 0.7171875 0.053125 0.12890625
0 0.0578125 0.8546875 0.0328125 0.0890625
0 0.61484375 0.359375 0.065625 0.15859375
0 0.59296875 0.71015625 0.06953125 0.0796875
0 0.715625 0.64375 0.02421875 0.0921875
2 0.54921875 0.58984375 0.209375 0.46640625
2 0.603125 0.43671875 0.20234375 0.2859375
2 0.66328125 0.6234375 0.10703125 0.33671875
2 0.35 0.67109375 0.18984375 0.51015625
2 0.19140625 0.909375 0.2484375 0.18125
2 0.24765625 0.775 0.2 0.35859375
2 0.3171875 0.59765625 0.2 0.2234375
2 0.4140625 0.4203125 0.1578125 0.075
2 0.4125 0.378125 0.10390625 0.04609375
2 0.1375 0.825 0.1046875 0.134375
2 0.2515625 0.46484375 0.04375 0.053125