2 0.6828125 0.234375 0.13671875 0.1828125
2 0.6109375 0.42265625 0.05546875 0.32265625
2 0.5625 0.5328125 0.0453125 0.17109375
2 0.57890625 0.421875 0.0421875 0.13359375
2 0.5828125 0.3640625 0.025 0.0671875
2 0.56171875 0.45703125 0.02421875 0.0859375
2 0.5375 0.6578125 0.06328125 0.1125
2 0.54453125 0.60546875 0.040625 0.07890625
2 0.5421875 0.5546875 0.03203125 0.0625
2 0.53125 0.76015625 0.07890625 0.115625
2 0.596875 0.703125 0.06328125 0.24609375
2 0.63984375 0.69765625 0.04609375 0.25
2 0.653125 0.45390625 0.03828125 0.2875
2 0.68515625 0.55234375 0.0484375 0.5515625
2 0.7390625 0.640625 0.06171875 0.3671875
2 0.76796875 0.6265625 0.0640625 0.1953125
2 0.78203125 0.5421875 0.0328125 0.075
1 0.73125 0.4125 0.01875 0.15390625
1 0.7515625 0.434375 0.0328125 0.09140625
1 0.7765625 0.53203125 0.03359375 0.05390625
1 0.7625 0.49140625 0.0171875 0.0640625
0 0.6984375 0.37890625 0.07890625 0.1546875