0 0.6046875 0.6921875 0.02734375 0.053125
0 0.4796875 0.64921875 0.0484375 0.09140625
0 0.45234375 0.703125 0.03671875 0.0703125
0 0.45078125 0.6296875 0.03359375 0.08359375
0 0.4203125 0.46796875 0.03203125 0.1078125
0 0.4546875 0.37109375 0.02890625 0.0546875
0 0.4265625 0.3875 0.02734375 0.05703125
0 0.38671875 0.35390625 0.08671875 0.0625
0 0.41171875 0.31953125 0.02265625 0.02734375
0 0.43671875 0.34765625 0.01796875 0.0265625
0 0.46171875 0.4984375 0.05 0.203125
0 0.50078125 0.4734375 0.034375 0.04296875
0 0.60546875 0.78125 0.0375 0.06015625
0 0.62734375 0.8359375 0.01328125 0.03671875
0 0.55234375 0.37578125 0.0203125 0.07265625