2 0.13203125 0.675 0.175 0.396875
2 0.60546875 0.7203125 0.24375 0.271875
2 0.5953125 0.871875 0.11328125 0.12890625
2 0.365625 0.6421875 0.3484375 0.27578125
2 0.71953125 0.7125 0.08671875 0.35390625
2 0.584375 0.546875 0.1546875 0.265625
2 0.65078125 0.54140625 0.1515625 0.16015625
2 0.43671875 0.4296875 0.1703125 0.20703125
2 0.29609375 0.46015625 0.246875 0.20546875
2 0.31953125 0.3171875 0.103125 0.17421875
2 0.403125 0.3125 0.10234375 0.14453125
2 0.56171875 0.38515625 0.1453125 0.10546875
2 0.60625 0.38046875 0.05859375 0.15078125
2 0.63359375 0.4234375 0.05625 0.115625
2 0.46796875 0.33046875 0.09765625 0.08984375