2 0.5 0.80078125 0.99921875 0.3953125
2 0.49375 0.60234375 0.9875 0.10078125
2 0.46171875 0.54375 0.9234375 0.08046875
2 0.9234375 0.56015625 0.04296875 0.07265625
2 0.453125 0.49375 0.87421875 0.0484375
2 0.8921875 0.50546875 0.02421875 0.0453125
2 0.440625 0.459375 0.80234375 0.02578125
2 0.84765625 0.46328125 0.03046875 0.01640625
2 0.44140625 0.446875 0.74453125 0.0359375
2 0.43984375 0.3953125 0.61796875 0.078125
2 0.12578125 0.4328125 0.04296875 0.071875
2 0.446875 0.35546875 0.55234375 0.04296875
2 0.19609375 0.33359375 0.02734375 0.0265625
2 0.26796875 0.28984375 0.1109375 0.1015625
2 0.6390625 0.31796875 0.115625 0.0765625
2 0.65703125 0.27265625 0.08125 0.06484375
2 0.69765625 0.334375 0.02265625 0.04140625
2 0.746875 0.4265625 0.04140625 0.08046875
2 0.74921875 0.390625 0.0140625 0.03671875
2 0.76875 0.4296875 0.028125 0.05703125
2 0.34765625 0.3109375 0.06328125 0.12109375
2 0.38671875 0.32421875 0.03203125 0.08671875