0 0.6078125 0.27109375 0.0765625 0.22109375
0 0.36015625 0.86484375 0.04140625 0.06328125
0 0.0609375 0.80078125 0.0546875 0.1265625
0 0.1359375 0.61796875 0.02890625 0.078125
2 0.4859375 0.69921875 0.76015625 0.28125
2 0.9078125 0.39609375 0.18359375 0.79140625
2 0.76484375 0.36484375 0.13984375 0.56015625
2 0.78359375 0.0765625 0.115625 0.10234375
2 0.66171875 0.81015625 0.21328125 0.1421875
2 0.734375 0.8984375 0.16875 0.19921875
2 0.840625 0.8828125 0.065625 0.103125
2 0.84140625 0.965625 0.1140625 0.065625
2 0.24609375 0.69453125 0.1 0.60703125
2 0.140625 0.80078125 0.13671875 0.375
2 0.14765625 0.81875 0.278125 0.07109375
2 0.1375 0.759375 0.22421875 0.115625
2 0.1390625 0.70078125 0.1765625 0.06953125
2 0.47578125 0.87578125 0.3875 0.1234375
2 0.4921875 0.93671875 0.246875 0.046875
2 0.53359375 0.4875 0.4890625 0.31875
2 0.60859375 0.321875 0.4875 0.13125
2 0.57890625 0.2546875 0.30546875 0.09453125
2 0.6328125 0.19375 0.296875 0.10859375
2 0.6734375 0.125 0.12578125 0.13515625
2 0.2828125 0.3796875 0.11484375 0.08359375
2 0.18984375 0.54375 0.1421875 0.115625
2 0.1828125 0.48984375 0.0640625 0.08203125
2 0.3171875 0.3296875 0.07421875 0.16953125