0 0.93828125 0.80390625 0.07890625 0.06171875
0 0.57890625 0.65078125 0.04609375 0.04609375
0 0.41015625 0.584375 0.059375 0.07109375
0 0.30703125 0.6203125 0.03984375 0.0515625
0 0.1234375 0.51328125 0.03359375 0.028125
0 0.13046875 0.57421875 0.0453125 0.03828125
0 0.2265625 0.521875 0.01796875 0.025
0 0.390625 0.54296875 0.05859375 0.03828125
0 0.4953125 0.51953125 0.03046875 0.0390625
2 0.45703125 0.60703125 0.03671875 0.11171875
2 0.4984375 0.62421875 0.04765625 0.15546875
0 0.4953125 0.55234375 0.02734375 0.021875
2 0.553125 0.6671875 0.0875 0.08828125
2 0.609375 0.66328125 0.04453125 0.05390625
2 0.6390625 0.65625 0.04453125 0.04609375
2 0.56015625 0.86953125 0.13125 0.23984375
2 0.3625 0.76875 0.0703125 0.46015625
2 0.43515625 0.771875 0.08359375 0.3625
2 0.50078125 0.77265625 0.053125 0.4015625
2 0.69921875 0.90078125 0.11484375 0.13515625
2 0.6359375 0.778125 0.0859375 0.08828125
2 0.7578125 0.73515625 0.2015625 0.23125
2 0.2859375 0.78359375 0.21875 0.12109375
2 0.31484375 0.71875 0.1140625 0.1109375
2 0.2703125 0.609375 0.175 0.08671875
2 0.13671875 0.62265625 0.0796875 0.07578125
2 0.1765625 0.584375 0.0296875 0.09765625
2 0.16015625 0.540625 0.05078125 0.10703125
2 0.21015625 0.52734375 0.07109375 0.09453125
2 0.2890625 0.50234375 0.1109375 0.0796875
2 0.33046875 0.46796875 0.16484375 0.0328125
2 0.328125 0.453125 0.13515625 0.0234375
2 0.321875 0.43671875 0.040625 0.02109375