0 0.5 0.0921875 0.0375 0.08046875
0 0.53359375 0.0984375 0.03203125 0.06640625
0 0.565625 0.10625 0.0625 0.0609375
0 0.57109375 0.06015625 0.053125 0.0734375
0 0.61171875 0.11328125 0.034375 0.04375
0 0.634375 0.1015625 0.0296875 0.05546875
0 0.60390625 0.071875 0.02578125 0.05
0 0.3671875 0.075 0.02265625 0.0578125
0 0.384375 0.06875 0.0234375 0.03515625
0 0.4046875 0.09296875 0.02265625 0.04921875
0 0.35078125 0.11015625 0.0328125 0.03984375
0 0.37578125 0.10546875 0.021875 0.0390625
0 0.3890625 0.1015625 0.01328125 0.0421875
0 0.325 0.09453125 0.02109375 0.07421875
0 0.3453125 0.07890625 0.01953125 0.0421875
0 0.3109375 0.0953125 0.02265625 0.075
0 0.2953125 0.1125 0.04375 0.03515625
0 0.29609375 0.09375 0.02265625 0.02421875
0 0.29765625 0.0828125 0.01640625 0.01953125
0 0.29921875 0.071875 0.00859375 0.01796875
0 0.3078125 0.38046875 0.0109375 0.01796875
0 0.30234375 0.35703125 0.02734375 0.028125
0 0.41640625 0.27890625 0.0453125 0.03984375
0 0.42890625 0.2625 0.03515625 0.0234375
0 0.4234375 0.25078125 0.01015625 0.0125
0 0.49375 0.6265625 0.021875 0.0296875