0 0.49375 0.2875 0.028125 0.0421875
2 0.565625 0.56015625 0.12578125 0.10234375
2 0.565625 0.6171875 0.06640625 0.12890625
2 0.60390625 0.63125 0.03203125 0.0921875
2 0.63671875 0.5515625 0.05859375 0.0546875
2 0.48671875 0.50703125 0.059375 0.178125
2 0.52421875 0.4984375 0.03203125 0.09609375
2 0.56640625 0.5 0.0609375 0.05703125
2 0.603125 0.5140625 0.03671875 0.04140625
2 0.43828125 0.51796875 0.06171875 0.075
2 0.44375 0.4625 0.03828125 0.2140625
2 0.47421875 0.4125 0.03125 0.08203125
2 0.49296875 0.4171875 0.0359375 0.05859375
2 0.403125 0.44609375 0.059375 0.1921875
2 0.36171875 0.43984375 0.0375 0.19375
2 0.31796875 0.425 0.05234375 0.178125
2 0.28671875 0.4625 0.05859375 0.071875
2 0.2921875 0.40390625 0.0640625 0.08046875