0 0.65546875 0.6171875 0.0953125 0.08984375
0 0.73359375 0.40859375 0.06015625 0.07578125
1 0.54140625 0.56015625 0.1421875 0.19453125
1 0.28828125 0.92578125 0.26015625 0.14765625
1 0.34765625 0.84296875 0.11953125 0.090625
1 0.64921875 0.90625 0.1453125 0.1875
1 0.84921875 0.93984375 0.30078125 0.11953125
1 0.9546875 0.63515625 0.090625 0.20234375
1 0.76015625 0.525 0.08359375 0.08125
2 0.5953125 0.478125 0.43125 0.05546875
1 0.75390625 0.46796875 0.0671875 0.06015625
1 0.83046875 0.4859375 0.075 0.06640625
1 0.571875 0.3796875 0.05390625 0.03671875
1 0.5375 0.35390625 0.05 0.0828125
1 0.5609375 0.3359375 0.053125 0.07109375
1 0.59453125 0.3234375 0.0421875 0.08125
1 0.303125 0.68515625 0.053125 0.084375
1 0.35546875 0.6921875 0.05546875 0.0578125
1 0.42109375 0.7171875 0.0484375 0.05078125
1 0.44609375 0.66875 0.06875 0.0796875
1 0.609375 0.90546875 0.190625 0.1890625
1 0.5125 0.78984375 0.06640625 0.1375
0 0.24140625 0.63828125 0.04296875 0.04921875
0 0.27265625 0.60703125 0.02734375 0.025
1 0.19375 0.6375 0.0578125 0.03359375
2 0.5015625 0.91875 0.99609375 0.1625
2 0.56484375 0.7734375 0.86484375 0.14140625
2 0.09921875 0.815625 0.11328125 0.0703125
2 0.13125 0.77578125 0.08828125 0.06875
2 0.503125 0.7125 0.66328125 0.0703125
2 0.73671875 0.67265625 0.515625 0.1078125
2 0.46484375 0.675 0.56328125 0.0453125
2 0.61171875 0.63125 0.73125 0.07265625
2 0.6421875 0.60546875 0.7140625 0.046875
2 0.596875 0.571875 0.6390625 0.05078125
2 0.571875 0.534375 0.54140625 0.0359375
2 0.6078125 0.5078125 0.51171875 0.05390625
2 0.61015625 0.42734375 0.35078125 0.0578125
2 0.615625 0.3734375 0.2640625 0.06171875
2 0.62421875 0.346875 0.1390625 0.084375