2 0.4765625 0.96953125 0.8375 0.0578125
2 0.521875 0.9109375 0.8203125 0.08125
2 0.90859375 0.96015625 0.04296875 0.0796875
2 0.878125 0.80078125 0.0671875 0.21015625
2 0.91484375 0.8078125 0.01640625 0.19296875
2 0.9296875 0.82265625 0.02265625 0.18515625
2 0.95 0.84375 0.04609375 0.1140625
2 0.8109375 0.68984375 0.18359375 0.071875
2 0.8328125 0.64765625 0.10078125 0.084375
2 0.83671875 0.60078125 0.065625 0.0453125
2 0.84296875 0.571875 0.02421875 0.0234375
2 0.85546875 0.58046875 0.0109375 0.02265625
2 0.8703125 0.60703125 0.01015625 0.02578125
2 0.88203125 0.65625 0.01171875 0.0328125
2 0.903125 0.69296875 0.00859375 0.0234375
2 0.7625 0.821875 0.2 0.228125
2 0.71171875 0.71484375 0.07890625 0.0390625
2 0.71328125 0.6953125 0.028125 0.0453125
2 0.77265625 0.65 0.0546875 0.0390625
2 0.78125 0.63046875 0.03828125 0.02265625
2 0.746875 0.65390625 0.02578125 0.0265625
2 0.42109375 0.8515625 0.52421875 0.0328125
2 0.4375 0.8265625 0.52578125 0.0421875
2 0.62265625 0.79375 0.14375 0.19140625
2 0.39140625 0.8 0.35703125 0.11015625
2 0.40078125 0.74140625 0.315625 0.0609375
2 0.3671875 0.703125 0.234375 0.040625
2 0.32109375 0.671875 0.078125 0.04140625
2 0.38203125 0.678125 0.05546875 0.03359375
2 0.41953125 0.68203125 0.02578125 0.02265625
2 0.3140625 0.65 0.03046875 0.021875
2 0.2109375 0.803125 0.03984375 0.04921875
2 0.2171875 0.784375 0.0375 0.04140625
2 0.21328125 0.76640625 0.01953125 0.02421875
2 0.18828125 0.80546875 0.0140625 0.0296875
2 0.1578125 0.8671875 0.02578125 0.03515625
2 0.10703125 0.94765625 0.03984375 0.05703125
2 0.6953125 0.628125 0.06796875 0.12109375
2 0.625 0.66484375 0.046875 0.11796875
2 0.58046875 0.7125 0.04765625 0.115625