0 0.7796875 0.4421875 0.1515625 0.2734375
2 0.3171875 0.5640625 0.0765625 0.87109375
2 0.5 0.70390625 0.99921875 0.5921875
2 0.4625 0.3984375 0.04140625 0.35
2 0.60390625 0.4 0.3171875 0.28046875
2 0.5203125 0.29296875 0.09375 0.109375
2 0.75 0.29921875 0.0328125 0.11796875
2 0.78515625 0.3015625 0.06328125 0.09453125
2 0.82109375 0.32265625 0.04296875 0.08515625
2 0.86484375 0.38359375 0.0578125 0.1546875
2 0.9125 0.3875 0.075 0.1296875
2 0.95703125 0.41796875 0.08515625 0.1109375
2 0.17734375 0.3875 0.24453125 0.15078125
2 0.275 0.27109375 0.021875 0.2515625
2 0.24375 0.27890625 0.06328125 0.14765625
2 0.26640625 0.2109375 0.04375 0.06328125
2 0.19921875 0.32109375 0.125 0.0875
2 0.1953125 0.29375 0.07265625 0.09140625
2 0.21171875 0.26953125 0.04140625 0.07109375
2 0.0640625 0.42265625 0.06796875 0.09609375