0 0.290625 0.80546875 0.05234375 0.11484375
0 0.303125 0.6984375 0.0625 0.14296875
0 0.73515625 0.975 0.0640625 0.05
0 0.9796875 0.7640625 0.040625 0.06875
0 0.98125 0.96328125 0.0375 0.0734375
0 0.90234375 0.46875 0.0546875 0.0640625
0 0.81875 0.65 0.11640625 0.153125
0 0.74765625 0.8234375 0.15390625 0.2625
0 0.4890625 0.88515625 0.04921875 0.13515625
0 0.47734375 0.96015625 0.0421875 0.0765625
0 0.41484375 0.94453125 0.06953125 0.1109375
0 0.40546875 0.68359375 0.0734375 0.146875
0 0.5703125 0.6515625 0.11328125 0.23671875
0 0.503125 0.7625 0.0421875 0.1234375
0 0.64921875 0.51640625 0.08515625 0.1515625
0 0.2390625 0.40703125 0.04765625 0.053125
0 0.509375 0.31796875 0.03203125 0.0296875
2 0.3484375 0.5890625 0.05625 0.821875
2 0.2828125 0.715625 0.13125 0.2796875
2 0.21171875 0.753125 0.0921875 0.09921875
2 0.2203125 0.8375 0.046875 0.08359375
2 0.54453125 0.90546875 0.66171875 0.18828125
2 0.8625 0.96015625 0.246875 0.0765625
2 0.9 0.9 0.07578125 0.15234375
2 0.946875 0.890625 0.0375 0.08671875
2 0.98984375 0.9 0.0203125 0.0796875
2 0.871875 0.78515625 0.109375 0.12734375
2 0.92265625 0.83203125 0.03203125 0.0875
2 0.409375 0.5984375 0.075 0.803125
2 0.47578125 0.59609375 0.053125 0.8078125
2 0.51015625 0.61171875 0.01796875 0.77578125
2 0.53203125 0.62109375 0.02265625 0.75703125
2 0.5546875 0.67421875 0.02265625 0.6515625
2 0.5765625 0.69921875 0.06640625 0.59765625
2 0.57265625 0.68125 0.02578125 0.6375
2 0.6640625 0.7546875 0.15703125 0.48671875
2 0.6078125 0.515625 0.02421875 0.2015625
2 0.73125 0.76640625 0.059375 0.4640625
2 0.78203125 0.78671875 0.09140625 0.4234375
2 0.29375 0.43515625 0.1125 0.37109375
2 0.33984375 0.28203125 0.1296875 0.234375
1 0.215625 0.275 0.12890625 0.171875
1 0.253125 0.19453125 0.07890625 0.0765625
1 0.26875 0.1546875 0.0703125 0.0625
1 0.28515625 0.115625 0.071875 0.0578125
1 0.28515625 0.08984375 0.05 0.0375
1 0.33515625 0.1359375 0.0453125 0.07265625
1 0.359375 0.1625 0.03125 0.07421875
1 0.37890625 0.178125 0.0265625 0.059375